0.000000000000000000e+00 4.053332666633331627e+01
1.000000000000000056e-01 4.051342567128356364e+01
2.000000000000000111e-01 4.047362368118405840e+01
2.999999999999999889e-01 4.041392069603480053e+01
4.000000000000000222e-01 4.031441572078603741e+01
5.000000000000000000e-01 4.019500975048752167e+01
5.999999999999999778e-01 4.004575228761438410e+01
6.999999999999999556e-01 3.987659382969148680e+01
8.000000000000000444e-01 3.967758387919396057e+01
9.000000000000000222e-01 3.944872243612180540e+01
1.000000000000000000e+00 3.919000950047502130e+01
1.100000000000000089e+00 3.891139556977849168e+01
1.199999999999999956e+00 3.861288064403220233e+01
1.300000000000000044e+00 3.829446472323616035e+01
1.399999999999999911e+00 3.795614780739037286e+01
1.500000000000000000e+00 3.761783089154457826e+01
1.600000000000000089e+00 3.726956347817390736e+01
1.699999999999999956e+00 3.692129606480324355e+01
1.709999999999999964e+00 3.689144457222861462e+01
1.800000000000000044e+00 3.659292964648232527e+01
1.899999999999999911e+00 3.655312765638282002e+01
2.000000000000000000e+00 3.603570178508925181e+01
2.100000000000000089e+00 3.584664233211660900e+01
2.200000000000000178e+00 3.572723636181809326e+01
2.299999999999999822e+00 3.573718685934296957e+01
2.399999999999999911e+00 3.589639481974099056e+01
2.500000000000000000e+00 3.629441472073603592e+01
2.600000000000000089e+00 3.701085054252713036e+01
2.700000000000000178e+00 3.827456372818640773e+01
2.799999999999999822e+00 4.043382169108455315e+01
2.899999999999999911e+00 4.378713935696784887e+01
3.000000000000000000e+00 4.757827891394569519e+01
3.100000000000000089e+00 5.088184409220460935e+01
3.200000000000000178e+00 5.365803290164509320e+01
3.299999999999999822e+00 5.606605330266513931e+01
3.399999999999999911e+00 5.823526176308815394e+01
3.500000000000000000e+00 6.023531176558827838e+01
3.600000000000000089e+00 6.211595579778989418e+01
3.700000000000000178e+00 6.391699584979249238e+01
3.799999999999999822e+00 6.565833291664583271e+01
3.899999999999999911e+00 6.734991749587479148e+01
4.000000000000000000e+00 6.900170008500424501e+01
