0.000000000000000000e+00 2.711010550527526775e+01
1.000000000000000056e-01 2.705040252012600988e+01
2.000000000000000111e-01 2.697079853992699938e+01
2.999999999999999889e-01 2.686134306715335995e+01
4.000000000000000222e-01 2.673198659932996790e+01
5.000000000000000000e-01 2.658272913645682323e+01
5.999999999999999778e-01 2.644342217110855486e+01
6.999999999999999556e-01 2.630411520576029005e+01
8.000000000000000444e-01 2.617475873793689800e+01
9.000000000000000222e-01 2.609515475773788751e+01
1.000000000000000000e+00 2.607525376268813488e+01
1.100000000000000089e+00 2.6071456072803640325e+01
1.199999999999999956e+00 2.609515475773788751e+01
1.300000000000000044e+00 2.668223411170558634e+01
1.399999999999999911e+00 2.761758087904395254e+01
1.500000000000000000e+00 2.871213560678033616e+01
1.600000000000000089e+00 3.046342317115855636e+01
1.699999999999999956e+00 3.304060203010150332e+01
1.800000000000000044e+00 3.599589979498975367e+01
1.899999999999999911e+00 3.921986099304965023e+01
2.000000000000000000e+00 4.194629731486574542e+01
2.100000000000000089e+00 4.437421871093554415e+01
2.200000000000000178e+00 4.660313015650782376e+01
2.299999999999999822e+00 4.868278413920695158e+01
2.399999999999999911e+00 5.066293314665733050e+01
2.500000000000000000e+00 5.256347817390869892e+01
2.600000000000000089e+00 5.440432021601080237e+01
2.700000000000000178e+00 5.621531076553828399e+01
2.799999999999999822e+00 5.798649932496624615e+01
2.899999999999999911e+00 5.967808390419520492e+01
3.000000000000000000e+00 6.146917345867293392e+01
