1.753747323340471009e+00 0.000000000000000000e+00
1.753747323340471009e+00 2.658373164711021788e-12
1.753747323340471009e+00 8.871779141500876764e-02
1.753747323340471009e+00 9.097420876379722188e+00
1.753747323340471009e+00 9.097420876389026745e+00
1.753747323340471009e+00 9.381292810959989126e+00
1.753747323340471009e+00 9.381292810961509687e+00
1.753747323340471009e+00 9.750284760940678197e+00
1.753747323340471009e+00 9.750284760946755114e+00
1.753747323340471009e+00 1.020168701030352310e+01
1.753747323340471009e+00 1.020168701032175207e+01
1.753747323340471009e+00 1.043489639713755146e+01
1.753747323340471009e+00 1.206389829532622038e+01
1.753747323340471009e+00 1.206389829534691849e+01
1.753747323340471009e+00 1.210298218908959278e+01
1.753747323340471009e+00 1.210298218910193491e+01
1.753747323340471009e+00 1.233499069290532368e+01
1.753747323340471009e+00 1.233499069291253925e+01
2.588865096359743045e+00 0.000000000000000000e+00
2.588865096359743045e+00 2.069733392525009457e-11
2.588865096359743045e+00 7.753024798570475884e-01
2.588865096359743045e+00 6.068625755495049567e+00
2.588865096359743045e+00 6.068625755507011554e+00
2.588865096359743045e+00 6.593549995545303410e+00
2.588865096359743045e+00 6.593549995549291332e+00
2.588865096359743045e+00 7.365610964378487502e+00
2.588865096359743045e+00 7.365610964381525960e+00
2.588865096359743045e+00 8.587917872752186099e+00
2.588865096359743045e+00 8.587917872752566240e+00
2.588865096359743045e+00 9.262754347749375228e+00
2.588865096359743045e+00 1.058248524410422853e+01
2.588865096359743045e+00 1.058248524410954516e+01
2.588865096359743045e+00 1.077789421044445461e+01
2.588865096359743045e+00 1.077789421045850560e+01
2.588865096359743045e+00 1.105289088624320826e+01
2.588865096359743045e+00 1.105289088624757454e+01
2.588865096359743045e+00 1.155852796542790628e+01
2.588865096359743045e+00 1.155852796544157890e+01
2.588865096359743045e+00 1.167024898792484144e+01
2.588865096359743045e+00 1.187719458610565937e+01
2.588865096359743045e+00 1.187719458611192636e+01
2.588865096359743045e+00 1.197489652129354809e+01
2.588865096359743045e+00 1.197489652129430659e+01
2.588865096359743045e+00 1.199016175068776668e+01
2.588865096359743045e+00 1.199016175069080603e+01
2.588865096359743045e+00 1.234789698215448084e+01
2.588865096359743045e+00 1.234789698216701304e+01
2.839400428265524745e+00 0.000000000000000000e+00
2.839400428265524745e+00 1.177279544372023692e-11
2.839400428265524745e+00 1.203293456422501295e+00
2.839400428265524745e+00 5.525482417267778779e+00
2.839400428265524745e+00 5.525482417271955882e+00
2.839400428265524745e+00 6.225149225585154156e+00
2.839400428265524745e+00 6.225149225587242263e+00
2.839400428265524745e+00 6.986579454416039781e+00
2.839400428265524745e+00 6.986579454416419921e+00
2.839400428265524745e+00 8.454646602747571293e+00
2.839400428265524745e+00 8.454646602757444285e+00
2.839400428265524745e+00 9.300899327195145005e+00
2.839400428265524745e+00 1.067871990974219898e+01
2.839400428265524745e+00 1.067871990974884611e+01
2.839400428265524745e+00 1.080598464397478509e+01
2.839400428265524745e+00 1.080598464398010172e+01
2.839400428265524745e+00 1.097211776952183904e+01
2.839400428265524745e+00 1.097211776953418116e+01
2.839400428265524745e+00 1.153229004926980572e+01
2.839400428265524745e+00 1.153229004927189472e+01
2.839400428265524745e+00 1.155224682291605021e+01
2.839400428265524745e+00 1.173409892791460685e+01
2.839400428265524745e+00 1.173409892791669584e+01
2.839400428265524745e+00 1.183287025975414153e+01
2.839400428265524745e+00 1.183287025975737095e+01
2.839400428265524745e+00 1.200849703189274642e+01
2.839400428265524745e+00 1.200849703189597228e+01
2.839400428265524745e+00 1.238294880613510607e+01
2.839400428265524745e+00 1.238294880615580418e+01
5.845824411134903364e-01 0.000000000000000000e+00
5.845824411134903364e-01 2.848256962190380083e-12
5.845824411134903364e-01 9.392780760946664446e-05
4.175588865096359625e-01 0.000000000000000000e+00
4.175588865096359625e-01 1.424128481095190122e-11
4.175588865096359625e-01 1.153472882251429089e-05
2.004282655246252709e+00 0.000000000000000000e+00
2.004282655246252709e+00 6.456049114298194962e-12
2.004282655246252709e+00 1.942922389925090254e-01
2.004282655246252709e+00 8.025408292721754933e+00
2.004282655246252709e+00 8.025408292722893577e+00
2.004282655246252709e+00 8.350180780130198599e+00
2.004282655246252709e+00 8.350180780132475888e+00
2.004282655246252709e+00 8.886693875904276396e+00
2.004282655246252709e+00 8.886693875913200813e+00
2.004282655246252709e+00 9.549420186595902749e+00
2.004282655246252709e+00 9.549420186600080740e+00
2.004282655246252709e+00 9.888677849539428522e+00
2.004282655246252709e+00 1.124915454171760487e+01
2.004282655246252709e+00 1.124915454173203777e+01
2.004282655246252709e+00 1.158457237506752158e+01
2.004282655246252709e+00 1.158457237507150950e+01
2.004282655246252709e+00 1.185709640144885668e+01
2.004282655246252709e+00 1.185709640146841259e+01
2.004282655246252709e+00 1.245538952086770479e+01
2.004282655246252709e+00 1.245538952087397178e+01
1.169164882226980673e+00 0.000000000000000000e+00
1.169164882226980673e+00 2.316582329248176048e-11
1.169164882226980673e+00 7.318886140573645747e-03
1.169164882226980673e+00 1.171618083862357018e+01
1.169164882226980673e+00 1.171618083863154425e+01
1.169164882226980673e+00 1.184552645814746086e+01
1.169164882226980673e+00 1.184552645816056504e+01
1.169164882226980673e+00 1.192965357153088313e+01
1.169164882226980673e+00 1.192965357153676997e+01
1.169164882226980673e+00 1.204750464891464823e+01
1.169164882226980673e+00 1.204750464891540673e+01
1.169164882226980673e+00 1.212221712391084694e+01
1.837259100642398391e+00 0.000000000000000000e+00
1.837259100642398391e+00 2.848256962190380083e-12
1.837259100642398391e+00 1.169616340013780592e-01
1.837259100642398391e+00 8.729854732509176429e+00
1.837259100642398391e+00 8.729854732519239491e+00
1.837259100642398391e+00 9.027682458588884629e+00
1.837259100642398391e+00 9.027682458593062620e+00
1.837259100642398391e+00 9.452944588319361685e+00
1.837259100642398391e+00 9.452944588319741825e+00
1.837259100642398391e+00 9.971389952686962488e+00
1.837259100642398391e+00 9.971389952713737515e+00
1.837259100642398391e+00 1.023721149996340252e+01
1.837259100642398391e+00 1.175722339041963416e+01
1.837259100642398391e+00 1.175722339044640741e+01
1.837259100642398391e+00 1.192390055347492606e+01
1.837259100642398391e+00 1.192390055347568634e+01
1.837259100642398391e+00 1.217226018914949037e+01
1.837259100642398391e+00 1.217226018915993357e+01
2.505353319057815664e+00 0.000000000000000000e+00
2.505353319057815664e+00 7.215584304215629759e-12
2.505353319057815664e+00 6.572956706475509003e-01
2.505353319057815664e+00 6.290302604761787819e+00
2.505353319057815664e+00 6.290302604776409012e+00
2.505353319057815664e+00 6.769990994396695605e+00
2.505353319057815664e+00 6.769990994410366447e+00
2.505353319057815664e+00 7.529891432605535506e+00
2.505353319057815664e+00 7.529891432623574410e+00
2.505353319057815664e+00 8.670180460218464447e+00
2.505353319057815664e+00 8.670180460233844144e+00
2.505353319057815664e+00 9.290750711048804789e+00
2.505353319057815664e+00 1.057315638969488525e+01
2.505353319057815664e+00 1.057315638969944516e+01
2.505353319057815664e+00 1.084606662613277805e+01
2.505353319057815664e+00 1.084606662613296812e+01
2.505353319057815664e+00 1.112144734482835773e+01
2.505353319057815664e+00 1.112144734485228348e+01
2.505353319057815664e+00 1.161442571028584858e+01
2.505353319057815664e+00 1.161442571029553328e+01
2.505353319057815664e+00 1.175739448202663517e+01
2.505353319057815664e+00 1.194991991262923925e+01
2.505353319057815664e+00 1.194991991264727815e+01
2.505353319057815664e+00 1.203465413794308425e+01
2.505353319057815664e+00 1.203465413795238703e+01
2.505353319057815664e+00 1.207038667413828747e+01
2.505353319057815664e+00 1.207038667414265376e+01
2.505353319057815664e+00 1.238299878682268229e+01
2.505353319057815664e+00 1.238299878682533972e+01
3.256959314775160319e+00 0.000000000000000000e+00
3.256959314775160319e+00 3.797675949587173982e-12
3.256959314775160319e+00 2.133199027062013364e+00
3.256959314775160319e+00 4.987823201791438343e+00
3.256959314775160319e+00 4.987823201797704442e+00
3.256959314775160319e+00 6.092764680514514808e+00
3.256959314775160319e+00 6.092764680524578758e+00
3.256959314775160319e+00 6.701552776803899825e+00
3.256959314775160319e+00 6.701552776810545176e+00
3.256959314775160319e+00 8.573736941766666675e+00
3.256959314775160319e+00 8.573736941781096021e+00
3.256959314775160319e+00 9.721423363875905110e+00
3.256959314775160319e+00 1.083905325796289532e+01
3.256959314775160319e+00 1.083905325796346375e+01
3.256959314775160319e+00 1.123847781130946544e+01
3.256959314775160319e+00 1.123847781131725121e+01
3.256959314775160319e+00 1.173820064338729630e+01
3.256959314775160319e+00 1.173820064339375158e+01
3.256959314775160319e+00 1.177938419887019883e+01
3.256959314775160319e+00 1.180227755869368345e+01
3.256959314775160319e+00 1.180227755870545536e+01
3.256959314775160319e+00 1.188608665634963302e+01
3.256959314775160319e+00 1.188608665635722872e+01
3.256959314775160319e+00 1.202274276807208864e+01
3.256959314775160319e+00 1.202274276809012754e+01
3.256959314775160319e+00 1.247710528529106888e+01
3.256959314775160319e+00 1.247710528533208496e+01
1.002141327623126354e+00 0.000000000000000000e+00
1.002141327623126354e+00 5.506630126901401870e-12
1.002141327623126354e+00 2.780034021413837087e-03
1.002141327623126354e+00 1.240132218003541098e+01
1.002141327623126354e+00 1.240132218005079245e+01
1.002141327623126354e+00 1.248426648770832692e+01
1.002141327623126354e+00 1.248426648772237968e+01
8.351177730192720083e-02 0.000000000000000000e+00
8.351177730192720083e-02 6.835816709256913168e-12
8.351177730192720083e-02 6.226289719348171344e-10
2.421841541755888283e+00 0.000000000000000000e+00
2.421841541755888283e+00 1.784907696305971529e-11
2.421841541755888283e+00 5.516906204630205313e-01
2.421841541755888283e+00 6.532390994309139387e+00
2.421841541755888283e+00 6.532390994315975696e+00
2.421841541755888283e+00 6.973244899644770456e+00
2.421841541755888283e+00 6.973244899663758822e+00
2.421841541755888283e+00 7.713064928694558731e+00
2.421841541755888283e+00 7.713064928706331536e+00
2.421841541755888283e+00 8.771549127240449550e+00
2.421841541755888283e+00 8.771549127256399458e+00
2.421841541755888283e+00 9.339650202568982706e+00
2.421841541755888283e+00 1.059801552589359552e+01
2.421841541755888283e+00 1.059801552589568452e+01
2.421841541755888283e+00 1.093146795665738935e+01
2.421841541755888283e+00 1.093146795666859283e+01
2.421841541755888283e+00 1.120918974729806372e+01
2.421841541755888283e+00 1.120918974730565942e+01
2.421841541755888283e+00 1.169610440844189725e+01
2.421841541755888283e+00 1.169610440845196031e+01
2.421841541755888283e+00 1.186914304154555388e+01
2.421841541755888283e+00 1.203003633345264944e+01
2.421841541755888283e+00 1.203003633346176393e+01
2.421841541755888283e+00 1.210557196888498765e+01
2.421841541755888283e+00 1.210557196888612630e+01
2.421841541755888283e+00 1.219060765623926557e+01
2.421841541755888283e+00 1.219060765624477227e+01
2.421841541755888283e+00 1.244271032660981291e+01
2.421841541755888283e+00 1.244271032661209375e+01
2.338329764453961346e+00 0.000000000000000000e+00
2.338329764453961346e+00 1.367163341851382634e-11
2.338329764453961346e+00 4.582217473193606616e-01
2.338329764453961346e+00 6.794513755270151556e+00
2.338329764453961346e+00 6.794513755297304947e+00
2.338329764453961346e+00 7.202610379134055663e+00
2.338329764453961346e+00 7.202610379136144658e+00
2.338329764453961346e+00 7.914664877061297510e+00
2.338329764453961346e+00 7.914664877062246973e+00
2.338329764453961346e+00 8.891786184689534522e+00
2.338329764453961346e+00 8.891786184703585505e+00
2.338329764453961346e+00 9.409420141567125029e+00
2.338329764453961346e+00 1.065765024534429095e+01
2.338329764453961346e+00 1.065765024534941752e+01
2.338329764453961346e+00 1.103345507457336439e+01
2.338329764453961346e+00 1.103345507458722530e+01
2.338329764453961346e+00 1.131417476433097491e+01
2.338329764453961346e+00 1.131417476433743019e+01
2.338329764453961346e+00 1.180502103498285393e+01
2.338329764453961346e+00 1.180502103498342414e+01
2.338329764453961346e+00 1.200555909502325314e+01
2.338329764453961346e+00 1.211369224474808703e+01
2.338329764453961346e+00 1.211369224475910045e+01
2.338329764453961346e+00 1.220324149890693022e+01
2.338329764453961346e+00 1.220324149891034793e+01
2.338329764453961346e+00 1.233557731398602186e+01
2.338329764453961346e+00 1.233557731398886936e+01
1.252676659528907832e+00 0.000000000000000000e+00
1.252676659528907832e+00 2.183663671012624757e-11
1.252676659528907832e+00 1.126640523519762370e-02
1.252676659528907832e+00 1.135587897534061597e+01
1.252676659528907832e+00 1.135587897534441382e+01
1.252676659528907832e+00 1.151079537643890482e+01
1.252676659528907832e+00 1.151079537644593209e+01
1.252676659528907832e+00 1.161987716333384135e+01
1.252676659528907832e+00 1.161987716335169196e+01
1.252676659528907832e+00 1.176939218908505325e+01
1.252676659528907832e+00 1.176939218909625851e+01
1.252676659528907832e+00 1.186014117239038690e+01
8.351177730192719251e-01 0.000000000000000000e+00
8.351177730192719251e-01 1.784907696305971529e-11
8.351177730192719251e-01 8.822241528836714634e-04
3.089935760171306001e+00 0.000000000000000000e+00
3.089935760171306001e+00 8.544770886571141056e-12
3.089935760171306001e+00 1.733235324002808220e+00
3.089935760171306001e+00 5.153471324251729158e+00
3.089935760171306001e+00 5.153471324255146868e+00
3.089935760171306001e+00 6.081783172746864530e+00
3.089935760171306001e+00 6.081783172751801025e+00
3.089935760171306001e+00 6.768730185548957223e+00
3.089935760171306001e+00 6.768730185557502388e+00
3.089935760171306001e+00 8.480298087230265125e+00
3.089935760171306001e+00 8.480298087233112625e+00
3.089935760171306001e+00 9.506309171236789979e+00
3.089935760171306001e+00 1.073064095958963904e+01
3.089935760171306001e+00 1.073064095960805808e+01
3.089935760171306001e+00 1.107681252257707705e+01
3.089935760171306001e+00 1.107681252258277382e+01
3.089935760171306001e+00 1.129242303629860444e+01
3.089935760171306001e+00 1.129242303630961608e+01
3.089935760171306001e+00 1.163190905030047340e+01
3.089935760171306001e+00 1.169246123182978181e+01
3.089935760171306001e+00 1.169246123185275721e+01
3.089935760171306001e+00 1.172981286537684475e+01
3.089935760171306001e+00 1.172981286538197132e+01
3.089935760171306001e+00 1.188993370872414168e+01
3.089935760171306001e+00 1.188993370875034650e+01
3.089935760171306001e+00 1.223212693685814756e+01
3.089935760171306001e+00 1.223212693688169317e+01
3.089935760171306001e+00 1.251847942456914886e+01
3.340471092077088033e-01 0.000000000000000000e+00
3.340471092077088033e-01 1.367163341851382634e-11
3.340471092077088033e-01 2.898306723413786806e-06
2.087794432548180090e+00 0.000000000000000000e+00
2.087794432548180090e+00 8.924538481529857647e-12
2.087794432548180090e+00 2.452742127048930798e-01
2.087794432548180090e+00 7.692840444163985048e+00
2.087794432548180090e+00 7.692840444178796311e+00
2.087794432548180090e+00 8.033055367524246648e+00
2.087794432548180090e+00 8.033055367535068214e+00
2.087794432548180090e+00 8.621301075488474908e+00
2.087794432548180090e+00 8.621301075499108180e+00
2.087794432548180090e+00 9.360150680260549194e+00
2.087794432548180090e+00 9.360150680263398471e+00
2.087794432548180090e+00 9.740193059632796135e+00
2.087794432548180090e+00 1.104814256373652448e+01
2.087794432548180090e+00 1.104814256376576687e+01
2.087794432548180090e+00 1.142820704675494881e+01
2.087794432548180090e+00 1.142820704676026722e+01
2.087794432548180090e+00 1.170767499457969585e+01
2.087794432548180090e+00 1.170767499458709970e+01
2.087794432548180090e+00 1.230721079667208429e+01
2.087794432548180090e+00 1.230721079667208429e+01
2.087794432548180090e+00 1.236739192455979541e+01
2.087794432548180090e+00 1.236739192456302483e+01
1.336188436830835213e+00 0.000000000000000000e+00
1.336188436830835213e+00 7.595351899174347965e-12
1.336188436830835213e+00 1.683849959853017664e-02
1.336188436830835213e+00 1.098668876356953739e+01
1.336188436830835213e+00 1.098668876357029767e+01
1.336188436830835213e+00 1.116747266089891077e+01
1.336188436830835213e+00 1.116747266090156998e+01
1.336188436830835213e+00 1.130679052206772717e+01
1.336188436830835213e+00 1.130679052207247537e+01
1.336188436830835213e+00 1.149330266547943502e+01
1.336188436830835213e+00 1.149330266549614521e+01
1.336188436830835213e+00 1.160205686675662129e+01
2.755888650963597364e+00 0.000000000000000000e+00
2.755888650963597364e+00 6.645932911777554065e-12
2.755888650963597364e+00 1.048551553774846434e+00
2.755888650963597364e+00 5.686547599370083361e+00
2.755888650963597364e+00 5.686547599380147311e+00
2.755888650963597364e+00 6.321557758377922553e+00
2.755888650963597364e+00 6.321557758387606363e+00
2.755888650963597364e+00 7.094180730243683897e+00
2.755888650963597364e+00 7.094180730247671818e+00
2.755888650963597364e+00 8.480493183811173452e+00
2.755888650963597364e+00 8.480493183829784343e+00
2.755888650963597364e+00 9.268390737576579497e+00
2.755888650963597364e+00 1.069430995948098406e+01
2.755888650963597364e+00 1.069430995948535390e+01
2.755888650963597364e+00 1.070011753875566463e+01
2.755888650963597364e+00 1.070011753876743654e+01
2.755888650963597364e+00 1.097786230103610450e+01
2.755888650963597364e+00 1.097786230103990235e+01
2.755888650963597364e+00 1.151869997334035212e+01
2.755888650963597364e+00 1.151869997334338969e+01
2.755888650963597364e+00 1.156832012001296661e+01
2.755888650963597364e+00 1.176719459876972174e+01
2.755888650963597364e+00 1.176719459877162066e+01
2.755888650963597364e+00 1.185677404473737973e+01
2.755888650963597364e+00 1.185677404474041907e+01
2.755888650963597364e+00 1.197797564628439027e+01
2.755888650963597364e+00 1.197797564629483524e+01
2.755888650963597364e+00 1.234878257709567606e+01
2.755888650963597364e+00 1.234878257710516891e+01
6.680942184154176067e-01 0.000000000000000000e+00
6.680942184154176067e-01 1.082337645632344383e-11
6.680942184154176067e-01 2.169030593265819839e-04
2.171306209850107027e+00 0.000000000000000000e+00
2.171306209850107027e+00 1.139302784876152033e-11
2.171306209850107027e+00 3.057025916111179020e-01
2.171306209850107027e+00 7.375856373447282621e+00
2.171306209850107027e+00 7.375856373457346571e+00
2.171306209850107027e+00 7.734429591265890913e+00
2.171306209850107027e+00 7.734429591266459347e+00
2.171306209850107027e+00 8.369905339454573934e+00
2.171306209850107027e+00 8.369905339469385197e+00
2.171306209850107027e+00 9.186831078976791076e+00
2.171306209850107027e+00 9.186831078985905563e+00
2.171306209850107027e+00 9.610278412647849322e+00
2.171306209850107027e+00 1.088257067176466997e+01
2.171306209850107027e+00 1.088257067177036674e+01
2.171306209850107027e+00 1.128315974447733439e+01
2.171306209850107027e+00 1.128315974448360137e+01
2.171306209850107027e+00 1.156594213762856604e+01
2.171306209850107027e+00 1.156594213763008305e+01
2.171306209850107027e+00 1.210983246540312663e+01
2.171306209850107027e+00 1.210983246540958191e+01
2.171306209850107027e+00 1.228222271923604048e+01
2.171306209850107027e+00 1.228222271924496489e+01
2.171306209850107027e+00 1.235148441628703431e+01
2.171306209850107027e+00 1.247895505417451467e+01
2.171306209850107027e+00 1.247895505417527318e+01
1.503211991434689532e+00 0.000000000000000000e+00
1.503211991434689532e+00 1.784907696305971529e-11
1.503211991434689532e+00 3.485135297352429107e-02
1.503211991434689532e+00 1.023155466945472369e+01
1.503211991434689532e+00 1.023155466945851977e+01
1.503211991434689532e+00 1.046071905477587904e+01
1.503211991434689532e+00 1.046071905477967690e+01
1.503211991434689532e+00 1.067732255739136882e+01
1.503211991434689532e+00 1.067732255740770064e+01
1.503211991434689532e+00 1.095425432498795182e+01
1.503211991434689532e+00 1.095425432499212981e+01
1.503211991434689532e+00 1.110549508085015802e+01
2.922912205567452126e+00 0.000000000000000000e+00
2.922912205567452126e+00 1.519070379834869391e-12
2.922912205567452126e+00 1.369464317876265991e+00
2.922912205567452126e+00 5.383556563982697440e+00
2.922912205567452126e+00 5.383556563990672394e+00
2.922912205567452126e+00 6.153935425479470034e+00
2.922912205567452126e+00 6.153935425489533984e+00
2.922912205567452126e+00 6.897015480331346815e+00
2.922912205567452126e+00 6.897015480331346815e+00
2.922912205567452126e+00 8.446570482990614082e+00
2.922912205567452126e+00 8.446570483004094854e+00
2.922912205567452126e+00 9.352102727474191468e+00
2.922912205567452126e+00 1.068005338670243809e+01
2.922912205567452126e+00 1.068005338672977977e+01
2.922912205567452126e+00 1.094119508855363598e+01
2.922912205567452126e+00 1.094119508855667533e+01
2.922912205567452126e+00 1.098721095941009374e+01
2.922912205567452126e+00 1.098721095941844794e+01
2.922912205567452126e+00 1.155823955998214458e+01
2.922912205567452126e+00 1.156660621079707063e+01
2.922912205567452126e+00 1.156660621081928753e+01
2.922912205567452126e+00 1.171685243898461515e+01
2.922912205567452126e+00 1.171685243898632400e+01
2.922912205567452126e+00 1.183119874981613862e+01
2.922912205567452126e+00 1.183119874981651876e+01
2.922912205567452126e+00 1.206192277873039309e+01
2.922912205567452126e+00 1.206192277874007779e+01
2.922912205567452126e+00 1.243811770963090524e+01
2.922912205567452126e+00 1.243811770963717400e+01
2.922912205567452126e+00 1.250686887357729127e+01
2.672376873661670427e+00 0.000000000000000000e+00
2.672376873661670427e+00 7.785235696653706260e-12
2.672376873661670427e+00 9.057709654012452427e-01
2.672376873661670427e+00 5.867441423138130219e+00
2.672376873661670427e+00 5.867441423153510804e+00
2.672376873661670427e+00 6.444147076902348559e+00
2.672376873661670427e+00 6.444147076922096318e+00
2.672376873661670427e+00 7.220405974771284541e+00
2.672376873661670427e+00 7.220405974772043933e+00
2.672376873661670427e+00 8.524765582818707443e+00
2.672376873661670427e+00 8.524765582825352794e+00
2.672376873661670427e+00 9.255450918922363712e+00
2.672376873661670427e+00 1.062516942478267090e+01
2.672376873661670427e+00 1.062516942479064674e+01
2.672376873661670427e+00 1.072729267843046053e+01
2.672376873661670427e+00 1.072729267843900480e+01
2.672376873661670427e+00 1.100481409219569784e+01
2.672376873661670427e+00 1.100481409221164775e+01
2.672376873661670427e+00 1.152704196965231809e+01
2.672376873661670427e+00 1.152704196966333150e+01
2.672376873661670427e+00 1.160740307051395526e+01
2.672376873661670427e+00 1.181541801705725980e+01
2.672376873661670427e+00 1.181541801706143779e+01
2.672376873661670427e+00 1.190386562452806984e+01
2.672376873661670427e+00 1.190386562453604391e+01
2.672376873661670427e+00 1.197153197969683980e+01
2.672376873661670427e+00 1.197153197971620919e+01
2.672376873661670427e+00 1.233676631428704340e+01
2.672376873661670427e+00 1.233676631429273840e+01
8.351177730192719251e-01 0.000000000000000000e+00
8.351177730192719251e-01 1.784907696305971529e-11
8.351177730192719251e-01 8.822241528836714634e-04
3.173447537473232938e+00 0.000000000000000000e+00
3.173447537473232938e+00 7.595351899174346955e-13
3.173447537473232938e+00 1.929150431366859930e+00
3.173447537473232938e+00 5.063172667193546417e+00
3.173447537473232938e+00 5.063172667201141230e+00
3.173447537473232938e+00 6.077725196436515098e+00
3.173447537473232938e+00 6.077725196442781197e+00
3.173447537473232938e+00 6.728043884571829558e+00
3.173447537473232938e+00 6.728043884573728484e+00
3.173447537473232938e+00 8.520097074166150364e+00
3.173447537473232938e+00 8.520097074173365925e+00
3.173447537473232938e+00 9.606895231284376280e+00
3.173447537473232938e+00 1.077811785288743351e+01
3.173447537473232938e+00 1.077811785289294022e+01
3.173447537473232938e+00 1.114923613875734709e+01
3.173447537473232938e+00 1.114923613876152331e+01
3.173447537473232938e+00 1.150451457169975278e+01
3.173447537473232938e+00 1.150451457170791691e+01
3.173447537473232938e+00 1.169707943897982361e+01
3.173447537473232938e+00 1.175900614239139230e+01
3.173447537473232938e+00 1.175900614239196074e+01
3.173447537473232938e+00 1.178144868964816894e+01
3.173447537473232938e+00 1.178144868965443415e+01
3.173447537473232938e+00 1.194775968313479630e+01
3.173447537473232938e+00 1.194775968314163173e+01
3.173447537473232938e+00 1.234601433080444544e+01
3.173447537473232938e+00 1.234601433082495170e+01
1.085653104925053514e+00 0.000000000000000000e+00
1.085653104925053514e+00 1.139302784876152033e-11
1.085653104925053514e+00 4.598046571658613406e-03
1.085653104925053514e+00 1.206535526127068714e+01
1.085653104925053514e+00 1.206535526128796754e+01
1.085653104925053514e+00 1.217044078131753260e+01
1.085653104925053514e+00 1.217044078132512830e+01
1.085653104925053514e+00 1.223439087639012257e+01
1.085653104925053514e+00 1.223439087639714984e+01
1.085653104925053514e+00 1.232563260557129325e+01
1.085653104925053514e+00 1.232563260557603968e+01
1.085653104925053514e+00 1.238614735505619713e+01
2.505353319057815886e-01 0.000000000000000000e+00
2.505353319057815886e-01 7.595351899174347965e-12
2.505353319057815886e-01 4.934684938189774925e-07
9.186295503211991953e-01 0.000000000000000000e+00
9.186295503211991953e-01 4.177443544545890573e-12
9.186295503211991953e-01 1.607680515051633724e-03
2.254817987152034409e+00 0.000000000000000000e+00
2.254817987152034409e+00 9.494189873967934956e-13
2.254817987152034409e+00 3.764330154594719424e-01
2.254817987152034409e+00 7.075993544957727366e+00
2.254817987152034409e+00 7.075993544963044890e+00
2.254817987152034409e+00 7.456897691458839184e+00
2.254817987152034409e+00 7.456897691476308765e+00
2.254817987152034409e+00 8.133946763986079631e+00
2.254817987152034409e+00 8.133946763988548767e+00
2.254817987152034409e+00 9.030432903997558824e+00
2.254817987152034409e+00 9.030432903998317329e+00
2.254817987152034409e+00 9.499792211061407698e+00
2.254817987152034409e+00 1.075243411643590363e+01
2.254817987152034409e+00 1.075243411643628377e+01
2.254817987152034409e+00 1.115109006770446065e+01
2.254817987152034409e+00 1.115109006770958722e+01
2.254817987152034409e+00 1.143396366046986223e+01
2.254817987152034409e+00 1.143396366047043244e+01
2.254817987152034409e+00 1.194257679816602646e+01
2.254817987152034409e+00 1.194257679817210338e+01
2.254817987152034409e+00 1.216647154002023790e+01
2.254817987152034409e+00 1.219802229948997763e+01
2.254817987152034409e+00 1.219802229949206662e+01
2.254817987152034409e+00 1.232775086212140003e+01
2.254817987152034409e+00 1.232775086212538795e+01
2.254817987152034409e+00 1.250506483659416901e+01
2.254817987152034409e+00 1.250506483659549595e+01
1.419700214132762373e+00 0.000000000000000000e+00
1.419700214132762373e+00 2.145686911516753098e-11
1.419700214132762373e+00 2.451298076130699333e-02
1.419700214132762373e+00 1.061104404412551183e+01
1.419700214132762373e+00 1.061104404413975288e+01
1.419700214132762373e+00 1.081690402977129928e+01
1.419700214132762373e+00 1.081690402979180554e+01
1.419700214132762373e+00 1.099205440216823959e+01
1.419700214132762373e+00 1.099205440218456964e+01
1.419700214132762373e+00 1.122104029557286786e+01
1.419700214132762373e+00 1.122104029557894478e+01
1.419700214132762373e+00 1.134990999234414488e+01
0.000000000000000000e+00 0.000000000000000000e+00
0.000000000000000000e+00 0.000000000000000000e+00
0.000000000000000000e+00 0.000000000000000000e+00
5.010706638115631772e-01 0.000000000000000000e+00
5.010706638115631772e-01 7.595351899174347965e-12
5.010706638115631772e-01 3.585794000239552821e-05
1.670235546038543850e+00 0.000000000000000000e+00
1.670235546038543850e+00 1.329186582355510894e-12
1.670235546038543850e+00 6.618711422622665375e-02
1.670235546038543850e+00 9.471993640143480775e+00
1.670235546038543850e+00 9.471993640161329608e+00
1.670235546038543850e+00 9.740160250512996498e+00
1.670235546038543850e+00 9.740160250539579678e+00
1.670235546038543850e+00 1.005467243292673274e+01
1.670235546038543850e+00 1.005467243295787227e+01
1.670235546038543850e+00 1.044316105800675487e+01
1.670235546038543850e+00 1.044316105801302186e+01
1.670235546038543850e+00 1.064645698322749467e+01
1.670235546038543850e+00 1.228571891942362093e+01
1.670235546038543850e+00 1.228571891944583605e+01
1.670235546038543850e+00 1.240506071854985670e+01
1.670235546038543850e+00 1.240506071855612369e+01
1.670235546038543850e+00 1.249924070270657772e+01
1.670235546038543850e+00 1.249924070272746590e+01
1.920770877944325328e+00 0.000000000000000000e+00
1.920770877944325328e+00 7.595351899174347965e-12
1.920770877944325328e+00 1.518375160271444035e-01
1.920770877944325328e+00 8.371761020211119231e+00
1.920770877944325328e+00 8.371761020219473437e+00
1.920770877944325328e+00 8.682820481442288241e+00
1.920770877944325328e+00 8.682820481465833851e+00
1.920770877944325328e+00 9.164482046279907479e+00
1.920770877944325328e+00 9.164482046286932970e+00
1.920770877944325328e+00 9.753556269458622197e+00
1.920770877944325328e+00 9.753556269467166473e+00
1.920770877944325328e+00 1.005472720342834947e+01
1.920770877944325328e+00 1.148555553665692130e+01
1.920770877944325328e+00 1.148555553665749152e+01
1.920770877944325328e+00 1.175044206848249395e+01
1.920770877944325328e+00 1.175044206848249395e+01
1.920770877944325328e+00 1.201247302236277292e+01
1.920770877944325328e+00 1.201247302237967141e+01
1.670235546038544017e-01 0.000000000000000000e+00
1.670235546038544017e-01 7.025700506736270656e-12
1.670235546038544017e-01 4.136903353784047610e-08
1.586723768736616469e+00 0.000000000000000000e+00
1.586723768736616469e+00 5.696513924380760166e-12
1.586723768736616469e+00 4.849985455927456612e-02
1.586723768736616469e+00 9.850948407364553461e+00
1.586723768736616469e+00 9.850948407378226079e+00
1.586723768736616469e+00 1.010096261877149892e+01
1.586723768736616469e+00 1.010096261878137369e+01
1.586723768736616469e+00 1.036428207852727112e+01
1.586723768736616469e+00 1.036428207854701888e+01
1.586723768736616469e+00 1.069447841930595722e+01
1.586723768736616469e+00 1.069447841932342769e+01
1.586723768736616469e+00 1.087048592980676354e+01
1.586723768736616469e+00 1.247018073580406927e+01
1.586723768736616469e+00 1.247018073580805719e+01
3.340471092077087700e+00 0.000000000000000000e+00
3.340471092077087700e+00 4.747094936983967074e-12
3.340471092077087700e+00 2.344446114519255442e+00
3.340471092077087700e+00 4.926232433997479454e+00
3.340471092077087700e+00 4.926232434007353334e+00
3.340471092077087700e+00 6.125184291431704509e+00
3.340471092077087700e+00 6.125184291436262640e+00
3.340471092077087700e+00 6.688136003223306147e+00
3.340471092077087700e+00 6.688136003232799887e+00
3.340471092077087700e+00 8.640101752924636003e+00
3.340471092077087700e+00 8.640101752933748713e+00
3.340471092077087700e+00 9.848588254984425916e+00
3.340471092077087700e+00 1.091240136099470348e+01
3.340471092077087700e+00 1.091240136100115876e+01
3.340471092077087700e+00 1.134327322219754386e+01
3.340471092077087700e+00 1.134327322220153178e+01
3.340471092077087700e+00 1.185867513242103577e+01
3.340471092077087700e+00 1.185867513242749283e+01
3.340471092077087700e+00 1.187749789475615003e+01
3.340471092077087700e+00 1.199143157711002239e+01
3.340471092077087700e+00 1.199143157712521379e+01
3.340471092077087700e+00 1.200509805566782795e+01
3.340471092077087700e+00 1.200509805568149879e+01
3.340471092077087700e+00 1.211350921805082237e+01
3.340471092077087700e+00 1.211350921806069536e+01
7.516059957173447659e-01 0.000000000000000000e+00
7.516059957173447659e-01 4.936978734463325369e-12
7.516059957173447659e-01 4.546223004674887925e-04
3.006423982869379063e+00 0.000000000000000000e+00
3.006423982869379063e+00 3.987559747066532278e-12
3.006423982869379063e+00 1.546379132838216597e+00
3.006423982869379063e+00 5.259893036583253689e+00
3.006423982869379063e+00 5.259893036595785887e+00
3.006423982869379063e+00 6.106642955191343702e+00
3.006423982869379063e+00 6.106642955211660784e+00
3.006423982869379063e+00 6.824709008064159477e+00
3.006423982869379063e+00 6.824709008069666183e+00
3.006423982869379063e+00 8.455439875720076159e+00
3.006423982869379063e+00 8.455439875738495203e+00
3.006423982869379063e+00 9.420961328275121005e+00
3.006423982869379063e+00 1.069763769225735572e+01
3.006423982869379063e+00 1.069763769226476136e+01
3.006423982869379063e+00 1.102242913674548142e+01
3.006423982869379063e+00 1.102242913675269698e+01
3.006423982869379063e+00 1.110397974742618210e+01
3.006423982869379063e+00 1.110397974743947280e+01
3.006423982869379063e+00 1.158519887225419964e+01
3.006423982869379063e+00 1.162041780127099244e+01
3.006423982869379063e+00 1.162041780128181578e+01
3.006423982869379063e+00 1.171554287316815923e+01
3.006423982869379063e+00 1.171554287317176701e+01
3.006423982869379063e+00 1.185063628020265547e+01
3.006423982869379063e+00 1.185063628021101145e+01
3.006423982869379063e+00 1.213693802596313809e+01
3.006423982869379063e+00 1.213693802596978522e+01
3.006423982869379063e+00 1.250319020012681293e+01
3.006423982869379063e+00 1.251302207053598892e+01
3.006423982869379063e+00 1.251302207055156046e+01
