0.000000 43.054961
0.083512 43.054961
0.167024 43.054961
0.250535 42.996778
0.334047 42.996778
0.417559 42.938596
0.501071 42.822231
0.584582 42.764049
0.668094 42.647684
0.751606 42.589502
0.835118 42.473137
0.918630 42.356772
1.002141 42.240407
1.085653 42.124043
1.169165 42.007678
1.252677 41.891313
1.336188 41.774948
1.419700 41.658584
1.503212 41.542219
1.586724 41.484036
1.670236 41.425854
1.753747 41.367672
1.837259 41.367672
1.920771 41.425854
2.004283 41.484036
2.087794 41.600401
2.171306 41.833131
2.254818 42.124043
2.338330 42.473137
2.421842 42.938596
2.505353 43.462237
2.588865 44.160426
2.672377 44.916797
2.755889 45.789533
2.839400 46.720451
2.922912 47.767733
3.006424 48.931381
3.089936 50.095029
3.173448 51.316859
3.256959 52.596871
3.340471 53.935066
