0.000000000000000000e+00 2.857282864143206780e+01
1.000000000000000056e-01 2.851312565628280993e+01
2.000000000000000111e-01 2.844347217360867575e+01
2.999999999999999889e-01 2.834396719835991973e+01
4.000000000000000222e-01 2.823451172558628031e+01
5.000000000000000000e-01 2.811510575528776457e+01
5.999999999999999778e-01 2.798574928746437251e+01
6.999999999999999556e-01 2.785639281964098402e+01
8.000000000000000444e-01 2.773698684934246828e+01
9.000000000000000222e-01 2.764743237161858147e+01
1.000000000000000000e+00 2.759767988399419991e+01
1.100000000000000089e+00 2.760763038151907622e+01
1.199999999999999956e+00 2.772703635181759196e+01
1.300000000000000044e+00 2.798574928746437251e+01
1.399999999999999911e+00 2.842357117855893023e+01
1.500000000000000000e+00 2.906040302015100707e+01
1.600000000000000089e+00 2.990619530976549001e+01
1.699999999999999956e+00 3.093109655482774301e+01
1.800000000000000044e+00 3.208535426771338450e+01
1.899999999999999911e+00 3.331921596079804004e+01
2.000000000000000000e+00 3.459287964398220083e+01
2.100000000000000089e+00 3.589639481974099056e+01
2.200000000000000178e+00 3.719990999549977317e+01
2.299999999999999822e+00 3.851337566878343921e+01
2.399999999999999911e+00 3.983679183959198156e+01
2.500000000000000000e+00 4.116020801040052390e+01
2.600000000000000089e+00 4.249357467873393546e+01
2.700000000000000178e+00 4.383689184459223043e+01
2.799999999999999822e+00 4.518020901045052540e+01
2.899999999999999911e+00 4.652352617630881326e+01
3.000000000000000000e+00 4.787679383969198454e+01
3.100000000000000089e+00 4.923006150307514872e+01
3.200000000000000178e+00 5.059327966398320342e+01
3.299999999999999822e+00 5.194654732736636760e+01
3.399999999999999911e+00 5.330976548827442230e+01
3.500000000000000000e+00 5.467298364918246278e+01
3.600000000000000089e+00 5.603620181009051038e+01
3.700000000000000178e+00 5.740937046852342718e+01
3.799999999999999822e+00 5.877258862943147477e+01
3.899999999999999911e+00 6.013580679033951526e+01
4.000000000000000000e+00 6.149902495124756285e+01
