# t dE
0.000000000000000000e+00 0.000000000000000000e+00
0.000000000000000000e+00 0.000000000000000000e+00
0.000000000000000000e+00 0.000000000000000000e+00
1.000000000000000056e-01 0.000000000000000000e+00
1.000000000000000056e-01 0.000000000000000000e+00
1.000000000000000056e-01 1.122657522500958294e-12
2.000000000000000111e-01 0.000000000000000000e+00
2.000000000000000111e-01 0.000000000000000000e+00
2.000000000000000111e-01 3.546318794178660028e-10
2.999999999999999889e-01 0.000000000000000000e+00
2.999999999999999889e-01 9.947598300641402602e-14
2.999999999999999889e-01 9.628408292883250397e-09
4.000000000000000222e-01 0.000000000000000000e+00
4.000000000000000222e-01 1.563194018672220409e-13
4.000000000000000222e-01 1.013475241506966995e-07
5.000000000000000000e-01 0.000000000000000000e+00
5.000000000000000000e-01 7.531752999057061970e-13
5.000000000000000000e-01 6.330250386099578463e-07
5.999999999999999778e-01 0.000000000000000000e+00
5.999999999999999778e-01 8.526512829121202230e-14
5.999999999999999778e-01 2.835445144455661648e-06
6.999999999999999556e-01 0.000000000000000000e+00
6.999999999999999556e-01 1.136868377216160297e-13
6.999999999999999556e-01 1.007452469536929129e-05
6.999999999999999556e-01 1.486323020804861983e+01
6.999999999999999556e-01 1.486323020804867667e+01
6.999999999999999556e-01 1.486564425659447863e+01
6.999999999999999556e-01 1.486999858265691898e+01
6.999999999999999556e-01 1.486999858265728847e+01
6.999999999999999556e-01 1.487158627266400401e+01
6.999999999999999556e-01 1.487158627266400401e+01
6.999999999999999556e-01 1.487158909385246375e+01
6.999999999999999556e-01 1.487158909385262007e+01
6.999999999999999556e-01 1.487706889735721916e+01
6.999999999999999556e-01 1.487706889735743232e+01
6.999999999999999556e-01 1.487949830048191302e+01
8.000000000000000444e-01 0.000000000000000000e+00
8.000000000000000444e-01 2.984279490192420781e-13
8.000000000000000444e-01 3.015368544367902359e-05
8.000000000000000444e-01 1.441748883927806446e+01
8.000000000000000444e-01 1.441748883927806446e+01
8.000000000000000444e-01 1.442237322730413496e+01
8.000000000000000444e-01 1.442605988523619942e+01
8.000000000000000444e-01 1.442605988523619942e+01
8.000000000000000444e-01 1.442919133100723172e+01
8.000000000000000444e-01 1.442919133100723172e+01
8.000000000000000444e-01 1.442919820467577097e+01
8.000000000000000444e-01 1.442919820467631098e+01
8.000000000000000444e-01 1.443506699072662514e+01
8.000000000000000444e-01 1.443506699072700883e+01
8.000000000000000444e-01 1.443998116861685332e+01
9.000000000000000222e-01 0.000000000000000000e+00
9.000000000000000222e-01 1.705302565824240446e-13
9.000000000000000222e-01 7.902851005781030835e-05
9.000000000000000222e-01 1.397624760384800879e+01
9.000000000000000222e-01 1.397624760384800879e+01
9.000000000000000222e-01 1.398532621589769853e+01
9.000000000000000222e-01 1.398677824472457587e+01
9.000000000000000222e-01 1.398677824472457587e+01
9.000000000000000222e-01 1.399244881947910812e+01
9.000000000000000222e-01 1.399244881947910812e+01
9.000000000000000222e-01 1.399246434293016250e+01
9.000000000000000222e-01 1.399246434293063146e+01
9.000000000000000222e-01 1.399780316426559068e+01
9.000000000000000222e-01 1.399780316426566174e+01
9.000000000000000222e-01 1.400693580616793277e+01
1.000000000000000000e+00 0.000000000000000000e+00
1.000000000000000000e+00 3.410605131648480892e-13
1.000000000000000000e+00 1.862183002430128909e-04
1.000000000000000000e+00 1.354064718876808371e+01
1.000000000000000000e+00 1.354064718876808371e+01
1.000000000000000000e+00 1.355333809718243288e+01
1.000000000000000000e+00 1.355333809718243288e+01
1.000000000000000000e+00 1.355640830243190464e+01
1.000000000000000000e+00 1.356292252167655477e+01
1.000000000000000000e+00 1.356292252167655477e+01
1.000000000000000000e+00 1.356295494803863733e+01
1.000000000000000000e+00 1.356295494803872259e+01
1.000000000000000000e+00 1.356633721499584055e+01
1.000000000000000000e+00 1.356633721499648004e+01
1.000000000000000000e+00 1.358219271612621526e+01
1.100000000000000089e+00 0.000000000000000000e+00
1.100000000000000089e+00 5.684341886080801487e-14
1.100000000000000089e+00 4.020054813480555822e-04
1.100000000000000089e+00 1.311171835309384370e+01
1.100000000000000089e+00 1.311171835309433753e+01
1.100000000000000089e+00 1.312687470761756003e+01
1.100000000000000089e+00 1.312687470761982489e+01
1.100000000000000089e+00 1.313758331634973153e+01
1.100000000000000089e+00 1.314161580525386341e+01
1.100000000000000089e+00 1.314161580525551543e+01
1.100000000000000089e+00 1.314217469592790621e+01
1.100000000000000089e+00 1.314217469592790621e+01
1.100000000000000089e+00 1.314223753722556864e+01
1.100000000000000089e+00 1.314223753722558286e+01
1.100000000000000089e+00 1.316764268593688314e+01
1.199999999999999956e+00 0.000000000000000000e+00
1.199999999999999956e+00 4.263256414560601115e-13
1.199999999999999956e+00 8.062207666768017589e-04
1.199999999999999956e+00 1.269035822222103604e+01
1.199999999999999956e+00 1.269035822222103604e+01
1.199999999999999956e+00 1.270847269916041000e+01
1.199999999999999956e+00 1.270847269916041000e+01
1.199999999999999956e+00 1.272444815697413389e+01
1.199999999999999956e+00 1.272444815697498655e+01
1.199999999999999956e+00 1.273084327709655739e+01
1.199999999999999956e+00 1.273174421232614861e+01
1.199999999999999956e+00 1.273174421232614861e+01
1.199999999999999956e+00 1.273185788889590242e+01
1.199999999999999956e+00 1.273185788889672665e+01
1.199999999999999956e+00 1.276520829375941446e+01
1.199999999999999956e+00 1.473561238500833781e+01
1.199999999999999956e+00 1.473561238500833781e+01
1.199999999999999956e+00 1.473561238500886361e+01
1.199999999999999956e+00 1.473561238500886361e+01
1.199999999999999956e+00 1.477348137280696960e+01
1.199999999999999956e+00 1.477348137280696960e+01
1.199999999999999956e+00 1.484156495361922623e+01
1.199999999999999956e+00 1.484156495361980888e+01
1.199999999999999956e+00 1.485700303464427918e+01
1.199999999999999956e+00 1.485700303464427918e+01
1.199999999999999956e+00 1.485700303464503236e+01
1.199999999999999956e+00 1.485700303464503236e+01
1.300000000000000044e+00 0.000000000000000000e+00
1.300000000000000044e+00 3.055333763768430799e-13
1.300000000000000044e+00 1.518053612151959442e-03
1.300000000000000044e+00 1.227730779698553576e+01
1.300000000000000044e+00 1.227730779698553576e+01
1.300000000000000044e+00 1.229916688770290634e+01
1.300000000000000044e+00 1.229916688770290634e+01
1.300000000000000044e+00 1.231548242700542417e+01
1.300000000000000044e+00 1.231548242700618090e+01
1.300000000000000044e+00 1.233312225925450889e+01
1.300000000000000044e+00 1.233312225925450889e+01
1.300000000000000044e+00 1.233331557391598388e+01
1.300000000000000044e+00 1.233331557391715805e+01
1.300000000000000044e+00 1.233817153637594544e+01
1.300000000000000044e+00 1.237680887443929478e+01
1.300000000000000044e+00 1.438797203068846642e+01
1.300000000000000044e+00 1.438797203068846642e+01
1.300000000000000044e+00 1.438797203068960862e+01
1.300000000000000044e+00 1.438797203068960862e+01
1.300000000000000044e+00 1.443898066104959632e+01
1.300000000000000044e+00 1.443898066104959632e+01
1.300000000000000044e+00 1.455557684778185745e+01
1.300000000000000044e+00 1.455557684778286642e+01
1.300000000000000044e+00 1.456643492867323886e+01
1.300000000000000044e+00 1.456643492867323886e+01
1.300000000000000044e+00 1.456643492867325307e+01
1.300000000000000044e+00 1.456643492867325307e+01
1.300000000000000044e+00 1.497108411660308747e+01
1.399999999999999911e+00 0.000000000000000000e+00
1.399999999999999911e+00 1.953992523340275511e-14
1.399999999999999911e+00 2.705961531821898802e-03
1.399999999999999911e+00 1.187313245702303810e+01
1.399999999999999911e+00 1.187313245702303810e+01
1.399999999999999911e+00 1.189994518578422422e+01
1.399999999999999911e+00 1.189994518578422422e+01
1.399999999999999911e+00 1.191518499824883826e+01
1.399999999999999911e+00 1.191518499824957722e+01
1.399999999999999911e+00 1.194772775992399794e+01
1.399999999999999911e+00 1.194772775992399794e+01
1.399999999999999911e+00 1.194803899118193691e+01
1.399999999999999911e+00 1.194803899118200619e+01
1.399999999999999911e+00 1.196150322818436607e+01
1.399999999999999911e+00 1.200432246992295049e+01
1.399999999999999911e+00 1.402053423209981098e+01
1.399999999999999911e+00 1.402053423209981098e+01
1.399999999999999911e+00 1.402053423210079153e+01
1.399999999999999911e+00 1.402053423210079153e+01
1.399999999999999911e+00 1.408993450432043026e+01
1.399999999999999911e+00 1.408993450432043026e+01
1.399999999999999911e+00 1.427497829376367200e+01
1.399999999999999911e+00 1.427497829376541993e+01
1.399999999999999911e+00 1.427599043162992665e+01
1.399999999999999911e+00 1.427599043162992665e+01
1.399999999999999911e+00 1.427599043163099246e+01
1.399999999999999911e+00 1.427599043163099246e+01
1.399999999999999911e+00 1.451789879083744061e+01
1.399999999999999911e+00 1.459607185926024897e+01
1.399999999999999911e+00 1.459607185926057582e+01
1.399999999999999911e+00 1.463108637482118546e+01
1.399999999999999911e+00 1.463108637482186758e+01
1.399999999999999911e+00 1.472572881544103574e+01
1.399999999999999911e+00 1.472572881544103574e+01
1.399999999999999911e+00 1.483930589900943708e+01
1.399999999999999911e+00 1.483930589900943708e+01
1.500000000000000000e+00 0.000000000000000000e+00
1.500000000000000000e+00 3.925748615074553527e-13
1.500000000000000000e+00 4.596450016164155272e-03
1.500000000000000000e+00 1.147820764562961138e+01
1.500000000000000000e+00 1.147820764562961138e+01
1.500000000000000000e+00 1.151175292363243585e+01
1.500000000000000000e+00 1.151175292363243585e+01
1.500000000000000000e+00 1.152382550140321626e+01
1.500000000000000000e+00 1.152382550140474748e+01
1.500000000000000000e+00 1.157688445124871102e+01
1.500000000000000000e+00 1.157688445124871102e+01
1.500000000000000000e+00 1.157736191758437094e+01
1.500000000000000000e+00 1.157736191758601940e+01
1.500000000000000000e+00 1.160268662954655561e+01
1.500000000000000000e+00 1.164954828367871364e+01
1.500000000000000000e+00 1.363021052321900939e+01
1.500000000000000000e+00 1.363021052321900939e+01
1.500000000000000000e+00 1.363021052322067206e+01
1.500000000000000000e+00 1.363021052322067206e+01
1.500000000000000000e+00 1.372528043401013775e+01
1.500000000000000000e+00 1.372528043401013775e+01
1.500000000000000000e+00 1.398576281666288423e+01
1.500000000000000000e+00 1.398576281666288423e+01
1.500000000000000000e+00 1.398576281666439414e+01
1.500000000000000000e+00 1.398576281666439414e+01
1.500000000000000000e+00 1.400177715870569450e+01
1.500000000000000000e+00 1.400177715870602135e+01
1.500000000000000000e+00 1.405432421959594613e+01
1.500000000000000000e+00 1.413025762623536430e+01
1.500000000000000000e+00 1.413025762623675696e+01
1.500000000000000000e+00 1.414856956608879912e+01
1.500000000000000000e+00 1.414856956608944927e+01
1.500000000000000000e+00 1.422238548349423937e+01
1.500000000000000000e+00 1.422238548349423937e+01
1.500000000000000000e+00 1.435470971892495307e+01
1.500000000000000000e+00 1.435470971892495307e+01
1.500000000000000000e+00 1.473994147413406353e+01
1.500000000000000000e+00 1.473994147413427136e+01
1.500000000000000000e+00 1.493524738389936424e+01
1.500000000000000000e+00 1.493524738389936424e+01
1.600000000000000089e+00 0.000000000000000000e+00
1.600000000000000089e+00 1.385558334732195362e-13
1.600000000000000089e+00 7.480326394674996493e-03
1.600000000000000089e+00 1.109271251591189333e+01
1.600000000000000089e+00 1.109271251591189333e+01
1.600000000000000089e+00 1.113549761966162421e+01
1.600000000000000089e+00 1.113549761966162421e+01
1.600000000000000089e+00 1.114147112462868527e+01
1.600000000000000089e+00 1.114147112462988964e+01
1.600000000000000089e+00 1.122180112036821242e+01
1.600000000000000089e+00 1.122180112036821242e+01
1.600000000000000089e+00 1.122250314950106720e+01
1.600000000000000089e+00 1.122250314950240835e+01
1.600000000000000089e+00 1.126344842209875985e+01
1.600000000000000089e+00 1.131417257248874897e+01
1.600000000000000089e+00 1.321525270181174250e+01
1.600000000000000089e+00 1.321525270181174250e+01
1.600000000000000089e+00 1.321525270181214040e+01
1.600000000000000089e+00 1.321525270181214040e+01
1.600000000000000089e+00 1.334522560962487603e+01
1.600000000000000089e+00 1.334522560962487603e+01
1.600000000000000089e+00 1.359187420028577442e+01
1.600000000000000089e+00 1.364606296728568680e+01
1.600000000000000089e+00 1.364606296728619128e+01
1.600000000000000089e+00 1.366620550843193982e+01
1.600000000000000089e+00 1.366620550843202864e+01
1.600000000000000089e+00 1.369568578098823330e+01
1.600000000000000089e+00 1.369568578098823330e+01
1.600000000000000089e+00 1.369568578098855660e+01
1.600000000000000089e+00 1.369568578098855660e+01
1.600000000000000089e+00 1.371042082174020749e+01
1.600000000000000089e+00 1.371042082174020749e+01
1.600000000000000089e+00 1.373797685802845336e+01
1.600000000000000089e+00 1.373797685802880864e+01
1.600000000000000089e+00 1.385898010451063378e+01
1.600000000000000089e+00 1.385898010451063378e+01
1.600000000000000089e+00 1.430424686961307046e+01
1.600000000000000089e+00 1.430424686961360337e+01
1.600000000000000089e+00 1.452617156955996691e+01
1.600000000000000089e+00 1.452617156955996691e+01
1.600000000000000089e+00 1.471400320348407753e+01
1.600000000000000089e+00 1.497856188493729590e+01
1.699999999999999956e+00 0.000000000000000000e+00
1.699999999999999956e+00 4.245492846166598611e-13
1.699999999999999956e+00 1.171504672909939870e-02
1.699999999999999956e+00 1.071663495813068501e+01
1.699999999999999956e+00 1.071663495813068501e+01
1.699999999999999956e+00 1.076799450274224590e+01
1.699999999999999956e+00 1.076799450274298309e+01
1.699999999999999956e+00 1.077205303676406878e+01
1.699999999999999956e+00 1.077205303676406878e+01
1.699999999999999956e+00 1.088355586864769720e+01
1.699999999999999956e+00 1.088355586864769720e+01
1.699999999999999956e+00 1.088455019037876426e+01
1.699999999999999956e+00 1.088455019037927940e+01
1.699999999999999956e+00 1.094536482683486334e+01
1.699999999999999956e+00 1.099973993779189030e+01
1.699999999999999956e+00 1.277614464376586056e+01
1.699999999999999956e+00 1.277614464376599024e+01
1.699999999999999956e+00 1.277614464376599024e+01
1.699999999999999956e+00 1.277614464376607373e+01
1.699999999999999956e+00 1.295161137417007780e+01
1.699999999999999956e+00 1.295161137417007780e+01
1.699999999999999956e+00 1.313879853537599729e+01
1.699999999999999956e+00 1.315483943454778171e+01
1.699999999999999956e+00 1.315483943454835014e+01
1.699999999999999956e+00 1.319111863793931683e+01
1.699999999999999956e+00 1.319111863794101325e+01
1.699999999999999956e+00 1.319735757934671838e+01
1.699999999999999956e+00 1.319735757934671838e+01
1.699999999999999956e+00 1.336110309983393662e+01
1.699999999999999956e+00 1.336110309983393662e+01
1.699999999999999956e+00 1.340567884489860617e+01
1.699999999999999956e+00 1.340567884489860617e+01
1.699999999999999956e+00 1.340567884489872696e+01
1.699999999999999956e+00 1.340567884489882644e+01
1.699999999999999956e+00 1.348555513296054720e+01
1.699999999999999956e+00 1.348555513296088826e+01
1.699999999999999956e+00 1.383830518990002290e+01
1.699999999999999956e+00 1.383830518990074232e+01
1.699999999999999956e+00 1.410739142428904813e+01
1.699999999999999956e+00 1.410739142428904813e+01
1.699999999999999956e+00 1.431275171144202929e+01
1.699999999999999956e+00 1.460153911695970663e+01
1.699999999999999956e+00 1.460153911696008855e+01
1.699999999999999956e+00 1.460153911696045803e+01
1.699999999999999956e+00 1.460153911696045803e+01
1.699999999999999956e+00 1.476586898170997841e+01
1.699999999999999956e+00 1.476586898171090567e+01
1.699999999999999956e+00 1.479115252805780756e+01
1.699999999999999956e+00 1.482621241327792916e+01
1.699999999999999956e+00 1.482621241327792916e+01
1.699999999999999956e+00 1.483129869118948818e+01
1.699999999999999956e+00 1.483129869119084354e+01
1.699999999999999956e+00 1.484279209345526596e+01
1.699999999999999956e+00 1.484424249401512341e+01
1.699999999999999956e+00 1.484424249401512341e+01
1.699999999999999956e+00 1.486893115531038312e+01
1.699999999999999956e+00 1.486893115531060872e+01
1.699999999999999956e+00 1.490951456997135338e+01
1.699999999999999956e+00 1.490951456997135338e+01
1.699999999999999956e+00 1.496645521185062044e+01
1.699999999999999956e+00 1.497697391120671817e+01
1.699999999999999956e+00 1.497697391120671817e+01
1.800000000000000044e+00 0.000000000000000000e+00
1.800000000000000044e+00 5.861977570020826533e-14
1.800000000000000044e+00 1.772199311946565103e-02
1.800000000000000044e+00 1.034979180376612895e+01
1.800000000000000044e+00 1.034979180376612895e+01
1.800000000000000044e+00 1.040309980533461953e+01
1.800000000000000044e+00 1.040309980533501211e+01
1.800000000000000044e+00 1.042226129912399557e+01
1.800000000000000044e+00 1.042226129912399557e+01
1.800000000000000044e+00 1.056308460522569526e+01
1.800000000000000044e+00 1.056308460522569526e+01
1.800000000000000044e+00 1.056444725661655859e+01
1.800000000000000044e+00 1.056444725661667228e+01
1.800000000000000044e+00 1.064983943073535144e+01
1.800000000000000044e+00 1.070763087590469809e+01
1.800000000000000044e+00 1.231596451087642663e+01
1.800000000000000044e+00 1.231596451087642663e+01
1.800000000000000044e+00 1.231596451087673927e+01
1.800000000000000044e+00 1.231596451087673927e+01
1.800000000000000044e+00 1.254788904350751011e+01
1.800000000000000044e+00 1.254788904350751011e+01
1.800000000000000044e+00 1.266461942726299306e+01
1.800000000000000044e+00 1.266461942726334655e+01
1.800000000000000044e+00 1.268931220832434015e+01
1.800000000000000044e+00 1.268931220832434015e+01
1.800000000000000044e+00 1.270117391533309714e+01
1.800000000000000044e+00 1.272880457494989059e+01
1.800000000000000044e+00 1.272880457495023165e+01
1.800000000000000044e+00 1.286853208616155619e+01
1.800000000000000044e+00 1.286853208616155619e+01
1.800000000000000044e+00 1.311583863356557345e+01
1.800000000000000044e+00 1.311583863356557345e+01
1.800000000000000044e+00 1.311583863356600332e+01
1.800000000000000044e+00 1.311583863356600332e+01
1.800000000000000044e+00 1.324643502138833639e+01
1.800000000000000044e+00 1.324643502138951057e+01
1.800000000000000044e+00 1.335305327952518084e+01
1.800000000000000044e+00 1.335305327952550059e+01
1.800000000000000044e+00 1.368955671579612954e+01
1.800000000000000044e+00 1.368955671579612954e+01
1.800000000000000044e+00 1.385389268293916132e+01
1.800000000000000044e+00 1.414401130555066644e+01
1.800000000000000044e+00 1.414401130555066644e+01
1.800000000000000044e+00 1.414401130555084940e+01
1.800000000000000044e+00 1.414401130555084940e+01
1.800000000000000044e+00 1.449041097165615177e+01
1.800000000000000044e+00 1.449041097165628855e+01
1.800000000000000044e+00 1.461053434347320490e+01
1.800000000000000044e+00 1.463402784222859765e+01
1.800000000000000044e+00 1.463402784222859765e+01
1.800000000000000044e+00 1.463857701703288150e+01
1.800000000000000044e+00 1.463857701703288150e+01
1.800000000000000044e+00 1.464164978164843589e+01
1.800000000000000044e+00 1.464164978165000086e+01
1.800000000000000044e+00 1.466189550863273183e+01
1.800000000000000044e+00 1.466387281055627945e+01
1.800000000000000044e+00 1.468603644034321576e+01
1.800000000000000044e+00 1.468603644034378419e+01
1.800000000000000044e+00 1.471926783321826271e+01
1.800000000000000044e+00 1.471926783321826271e+01
1.800000000000000044e+00 1.472271025785141774e+01
1.800000000000000044e+00 1.472271025785141774e+01
1.800000000000000044e+00 1.473770554145791500e+01
1.800000000000000044e+00 1.479561162447953748e+01
1.800000000000000044e+00 1.479561162447959255e+01
1.800000000000000044e+00 1.494526728434566110e+01
1.800000000000000044e+00 1.494526728434566110e+01
1.800000000000000044e+00 1.494526728434596308e+01
1.800000000000000044e+00 1.494526728434596308e+01
1.899999999999999911e+00 0.000000000000000000e+00
1.899999999999999911e+00 1.136868377216160297e-13
1.899999999999999911e+00 2.597792227714279534e-02
1.899999999999999911e+00 9.991867592619115612e+00
1.899999999999999911e+00 9.991867592619115612e+00
1.899999999999999911e+00 1.004637089331637867e+01
1.899999999999999911e+00 1.004637089331773403e+01
1.899999999999999911e+00 1.008693193088651441e+01
1.899999999999999911e+00 1.008693193088651441e+01
1.899999999999999911e+00 1.026117338486622543e+01
1.899999999999999911e+00 1.026117338486622543e+01
1.899999999999999911e+00 1.026298726140839790e+01
1.899999999999999911e+00 1.026298726140855599e+01
1.899999999999999911e+00 1.037808748310101237e+01
1.899999999999999911e+00 1.043904544622422392e+01
1.899999999999999911e+00 1.183999732924842974e+01
1.899999999999999911e+00 1.183999732924842974e+01
1.899999999999999911e+00 1.183999732924853987e+01
1.899999999999999911e+00 1.183999732924853987e+01
1.899999999999999911e+00 1.213870618498673437e+01
1.899999999999999911e+00 1.213870618498673437e+01
1.899999999999999911e+00 1.217997671457889552e+01
1.899999999999999911e+00 1.217997671457962916e+01
1.899999999999999911e+00 1.219111981988734605e+01
1.899999999999999911e+00 1.219111981988734605e+01
1.899999999999999911e+00 1.228342563059072212e+01
1.899999999999999911e+00 1.228342563059107562e+01
1.899999999999999911e+00 1.228352169636626456e+01
1.899999999999999911e+00 1.238721399153577885e+01
1.899999999999999911e+00 1.238721399153577885e+01
1.899999999999999911e+00 1.282664112829832703e+01
1.899999999999999911e+00 1.282664112829832703e+01
1.899999999999999911e+00 1.282664112829877112e+01
1.899999999999999911e+00 1.282664112829877112e+01
1.899999999999999911e+00 1.286218606766806438e+01
1.899999999999999911e+00 1.286218606766853867e+01
1.899999999999999911e+00 1.302245028647042524e+01
1.899999999999999911e+00 1.302245028647084801e+01
1.899999999999999911e+00 1.328098681688081939e+01
1.899999999999999911e+00 1.328098681688081939e+01
1.899999999999999911e+00 1.335994358638252244e+01
1.899999999999999911e+00 1.366849448633418262e+01
1.899999999999999911e+00 1.366849448633418262e+01
1.899999999999999911e+00 1.366849448633430697e+01
1.899999999999999911e+00 1.366849448633430697e+01
1.899999999999999911e+00 1.422353504565100835e+01
1.899999999999999911e+00 1.422353504565225890e+01
1.899999999999999911e+00 1.433743307816916612e+01
1.899999999999999911e+00 1.441382955329044258e+01
1.899999999999999911e+00 1.441382955329044258e+01
1.899999999999999911e+00 1.443827865785677389e+01
1.899999999999999911e+00 1.444071536060015681e+01
1.899999999999999911e+00 1.444071536060015681e+01
1.899999999999999911e+00 1.444946456462087525e+01
1.899999999999999911e+00 1.444946456462107420e+01
1.899999999999999911e+00 1.445172778713259198e+01
1.899999999999999911e+00 1.445172778713300943e+01
1.899999999999999911e+00 1.446995277251740575e+01
1.899999999999999911e+00 1.446995277251740575e+01
1.899999999999999911e+00 1.449288162216253539e+01
1.899999999999999911e+00 1.449297848077877404e+01
1.899999999999999911e+00 1.449297848078004769e+01
1.899999999999999911e+00 1.452404505307153215e+01
1.899999999999999911e+00 1.452404505307153215e+01
1.899999999999999911e+00 1.452433902827461765e+01
1.899999999999999911e+00 1.465756007811626382e+01
1.899999999999999911e+00 1.465756007811626382e+01
1.899999999999999911e+00 1.465756007811648587e+01
1.899999999999999911e+00 1.465756007811648587e+01
1.899999999999999911e+00 1.470460493420077697e+01
1.899999999999999911e+00 1.470460493420077697e+01
1.899999999999999911e+00 1.470776983349539080e+01
2.000000000000000000e+00 0.000000000000000000e+00
2.000000000000000000e+00 4.263256414560601115e-14
2.000000000000000000e+00 3.700036644690385401e-02
2.000000000000000000e+00 9.642473432174732295e+00
2.000000000000000000e+00 9.642473432174732295e+00
2.000000000000000000e+00 9.697342750701523073e+00
2.000000000000000000e+00 9.697342750702233616e+00
2.000000000000000000e+00 9.766836922278553601e+00
2.000000000000000000e+00 9.766836922278553601e+00
2.000000000000000000e+00 9.978453793238283964e+00
2.000000000000000000e+00 9.978453793238283964e+00
2.000000000000000000e+00 9.980806996480975357e+00
2.000000000000000000e+00 9.980806996481524251e+00
2.000000000000000000e+00 1.013112568553332871e+01
2.000000000000000000e+00 1.019499218483191427e+01
2.000000000000000000e+00 1.135480641743422581e+01
2.000000000000000000e+00 1.135480641743422581e+01
2.000000000000000000e+00 1.135480641743507491e+01
2.000000000000000000e+00 1.135480641743510333e+01
2.000000000000000000e+00 1.170222894749406350e+01
2.000000000000000000e+00 1.170222894749446141e+01
2.000000000000000000e+00 1.170653549502118018e+01
2.000000000000000000e+00 1.170653549502118018e+01
2.000000000000000000e+00 1.172928209746814332e+01
2.000000000000000000e+00 1.172928209746839912e+01
2.000000000000000000e+00 1.185807733656827168e+01
2.000000000000000000e+00 1.185807733656929486e+01
2.000000000000000000e+00 1.188920777570186793e+01
2.000000000000000000e+00 1.192176351738825701e+01
2.000000000000000000e+00 1.192176351738825701e+01
2.000000000000000000e+00 1.238057835989339495e+01
2.000000000000000000e+00 1.238057835989352995e+01
2.000000000000000000e+00 1.253909707608444535e+01
2.000000000000000000e+00 1.253909707608453061e+01
2.000000000000000000e+00 1.253909707608665514e+01
2.000000000000000000e+00 1.253909707608665514e+01
2.000000000000000000e+00 1.281530848913882892e+01
2.000000000000000000e+00 1.281530848913973841e+01
2.000000000000000000e+00 1.285626572789350242e+01
2.000000000000000000e+00 1.288783193968097862e+01
2.000000000000000000e+00 1.288783193968097862e+01
2.000000000000000000e+00 1.318465464300503243e+01
2.000000000000000000e+00 1.318465464300540191e+01
2.000000000000000000e+00 1.318465464300540191e+01
2.000000000000000000e+00 1.318465464300541612e+01
2.000000000000000000e+00 1.396929783515690815e+01
2.000000000000000000e+00 1.396929783515905221e+01
2.000000000000000000e+00 1.405264540011667052e+01
2.000000000000000000e+00 1.409801005369210003e+01
2.000000000000000000e+00 1.409801005369220839e+01
2.000000000000000000e+00 1.415927766784901465e+01
2.000000000000000000e+00 1.415927766784901465e+01
2.000000000000000000e+00 1.423124533231315603e+01
2.000000000000000000e+00 1.423124533231315603e+01
2.000000000000000000e+00 1.424524652001198710e+01
2.000000000000000000e+00 1.424524652001198710e+01
2.000000000000000000e+00 1.426053085517636987e+01
2.000000000000000000e+00 1.426053085517715147e+01
2.000000000000000000e+00 1.427603445043365937e+01
2.000000000000000000e+00 1.427959327221356034e+01
2.000000000000000000e+00 1.427959327221485353e+01
2.000000000000000000e+00 1.430459383113395688e+01
2.000000000000000000e+00 1.430459383113395688e+01
2.000000000000000000e+00 1.432847141433021143e+01
2.000000000000000000e+00 1.433148895397668632e+01
2.000000000000000000e+00 1.436475888742846507e+01
2.000000000000000000e+00 1.436475888742846507e+01
2.000000000000000000e+00 1.436475888742860718e+01
2.000000000000000000e+00 1.436475888742894824e+01
2.000000000000000000e+00 1.437604809373209136e+01
2.000000000000000000e+00 1.437604809373209136e+01
2.000000000000000000e+00 1.439382968642441085e+01
2.000000000000000000e+00 1.479831140041187254e+01
2.000000000000000000e+00 1.479831140041259374e+01
2.000000000000000000e+00 1.484103111017431686e+01
2.000000000000000000e+00 1.484103111017433463e+01
2.000000000000000000e+00 1.498964943551198914e+01
2.000000000000000000e+00 1.498964943551203888e+01
2.100000000000000089e+00 0.000000000000000000e+00
2.100000000000000089e+00 4.121147867408581078e-13
2.100000000000000089e+00 5.132737883740823293e-02
2.100000000000000089e+00 9.301223646654136701e+00
2.100000000000000089e+00 9.301223646654136701e+00
2.100000000000000089e+00 9.355592247697797958e+00
2.100000000000000089e+00 9.355592247698162112e+00
2.100000000000000089e+00 9.462701328076740026e+00
2.100000000000000089e+00 9.462701328076740026e+00
2.100000000000000089e+00 9.715400403502258087e+00
2.100000000000000089e+00 9.715400403502258087e+00
2.100000000000000089e+00 9.718384527539058126e+00
2.100000000000000089e+00 9.718384527539171813e+00
2.100000000000000089e+00 9.909766115999570246e+00
2.100000000000000089e+00 9.976281010770694735e+00
2.100000000000000089e+00 1.086721275668405085e+01
2.100000000000000089e+00 1.086721275668405085e+01
2.100000000000000089e+00 1.086721275668473830e+01
2.100000000000000089e+00 1.086721275668473830e+01
2.100000000000000089e+00 1.123030021942205892e+01
2.100000000000000089e+00 1.123030021942222589e+01
2.100000000000000089e+00 1.123843442232424650e+01
2.100000000000000089e+00 1.123843442232424650e+01
2.100000000000000089e+00 1.132480202247222678e+01
2.100000000000000089e+00 1.132480202247222678e+01
2.100000000000000089e+00 1.145500938368157051e+01
2.100000000000000089e+00 1.145500938368308042e+01
2.100000000000000089e+00 1.147568236798572272e+01
2.100000000000000089e+00 1.147568236798572272e+01
2.100000000000000089e+00 1.152071943449891123e+01
2.100000000000000089e+00 1.192273289917354617e+01
2.100000000000000089e+00 1.192273289917361723e+01
2.100000000000000089e+00 1.225480148008790593e+01
2.100000000000000089e+00 1.225480148008790593e+01
2.100000000000000089e+00 1.225480148008915648e+01
2.100000000000000089e+00 1.225480148008915648e+01
2.100000000000000089e+00 1.235824620294081910e+01
2.100000000000000089e+00 1.251449347859986005e+01
2.100000000000000089e+00 1.251449347859986005e+01
2.100000000000000089e+00 1.262655497486960776e+01
2.100000000000000089e+00 1.262655497487052969e+01
2.100000000000000089e+00 1.270091816769101456e+01
2.100000000000000089e+00 1.270091816769101456e+01
2.100000000000000089e+00 1.270091816769229354e+01
2.100000000000000089e+00 1.270091816769229354e+01
2.100000000000000089e+00 1.373130021616449170e+01
2.100000000000000089e+00 1.373130021616452190e+01
2.100000000000000089e+00 1.375238300402512337e+01
2.100000000000000089e+00 1.375238300402589253e+01
2.100000000000000089e+00 1.379727542628057790e+01
2.100000000000000089e+00 1.386660211697849832e+01
2.100000000000000089e+00 1.386660211697849832e+01
2.100000000000000089e+00 1.400475948874415444e+01
2.100000000000000089e+00 1.400475948874415444e+01
2.100000000000000089e+00 1.403685027898822035e+01
2.100000000000000089e+00 1.403685027898914228e+01
2.100000000000000089e+00 1.404690966473916625e+01
2.100000000000000089e+00 1.404690966473916625e+01
2.100000000000000089e+00 1.405428250890031805e+01
2.100000000000000089e+00 1.405428250890031805e+01
2.100000000000000089e+00 1.405735142019491768e+01
2.100000000000000089e+00 1.405735142019491768e+01
2.100000000000000089e+00 1.406721425549079996e+01
2.100000000000000089e+00 1.406721425549180182e+01
2.100000000000000089e+00 1.407482199709737358e+01
2.100000000000000089e+00 1.407482199709737358e+01
2.100000000000000089e+00 1.407482199709750326e+01
2.100000000000000089e+00 1.407482199709750326e+01
2.100000000000000089e+00 1.410498705480423709e+01
2.100000000000000089e+00 1.412547785448294846e+01
2.100000000000000089e+00 1.415185551781703666e+01
2.100000000000000089e+00 1.418139361358697670e+01
2.100000000000000089e+00 1.431780987140126804e+01
2.100000000000000089e+00 1.431780987140126804e+01
2.100000000000000089e+00 1.467289726571597619e+01
2.100000000000000089e+00 1.467289726571678798e+01
2.100000000000000089e+00 1.475095935301582095e+01
2.100000000000000089e+00 1.475095935301709282e+01
2.100000000000000089e+00 1.489948921699715889e+01
2.100000000000000089e+00 1.489948921699715889e+01
2.100000000000000089e+00 1.496965003935230243e+01
2.100000000000000089e+00 1.496965003935230243e+01
2.100000000000000089e+00 1.496965003935389404e+01
2.100000000000000089e+00 1.496965003935389404e+01
2.100000000000000089e+00 1.498031530308843529e+01
2.200000000000000178e+00 0.000000000000000000e+00
2.200000000000000178e+00 8.526512829121202230e-14
2.200000000000000178e+00 6.949262925184740425e-02
2.200000000000000178e+00 8.967822259876609081e+00
2.200000000000000178e+00 8.967822259877564761e+00
2.200000000000000178e+00 9.020837102737861102e+00
2.200000000000000178e+00 9.020837102738207491e+00
2.200000000000000178e+00 9.175189434879918338e+00
2.200000000000000178e+00 9.175189434881696471e+00
2.200000000000000178e+00 9.472329395379620820e+00
2.200000000000000178e+00 9.472329395379922801e+00
2.200000000000000178e+00 9.476037868147281884e+00
2.200000000000000178e+00 9.476037868148328158e+00
2.200000000000000178e+00 9.714612916913640817e+00
2.200000000000000178e+00 9.783518850099589770e+00
2.200000000000000178e+00 1.038352765509552000e+01
2.200000000000000178e+00 1.038352765509552000e+01
2.200000000000000178e+00 1.038352765509608844e+01
2.200000000000000178e+00 1.038352765509628739e+01
2.200000000000000178e+00 1.076269166151709555e+01
2.200000000000000178e+00 1.076269166151786294e+01
2.200000000000000178e+00 1.078898111605201393e+01
2.200000000000000178e+00 1.078898111605303711e+01
2.200000000000000178e+00 1.092997849311453251e+01
2.200000000000000178e+00 1.092997849311453251e+01
2.200000000000000178e+00 1.105156525779244703e+01
2.200000000000000178e+00 1.105156525779275967e+01
2.200000000000000178e+00 1.107579910543233837e+01
2.200000000000000178e+00 1.107579910543282153e+01
2.200000000000000178e+00 1.117986185064752647e+01
2.200000000000000178e+00 1.150072572268289761e+01
2.200000000000000178e+00 1.150072572268327242e+01
2.200000000000000178e+00 1.187396942140356160e+01
2.200000000000000178e+00 1.197584976803221757e+01
2.200000000000000178e+00 1.197584976803221757e+01
2.200000000000000178e+00 1.197584976803231172e+01
2.200000000000000178e+00 1.197584976803305068e+01
2.200000000000000178e+00 1.216404227254488646e+01
2.200000000000000178e+00 1.216404227254635551e+01
2.200000000000000178e+00 1.222411583932785106e+01
2.200000000000000178e+00 1.222411583932785106e+01
2.200000000000000178e+00 1.222411583932839108e+01
2.200000000000000178e+00 1.222411583932864687e+01
2.200000000000000178e+00 1.245754048495500754e+01
2.200000000000000178e+00 1.245754048495511590e+01
2.200000000000000178e+00 1.342027491093256231e+01
2.200000000000000178e+00 1.342027491093322666e+01
2.200000000000000178e+00 1.351255371496546331e+01
2.200000000000000178e+00 1.351255371496625912e+01
2.200000000000000178e+00 1.353611504192846837e+01
2.200000000000000178e+00 1.353611504192923576e+01
2.200000000000000178e+00 1.356742522883885549e+01
2.200000000000000178e+00 1.374486169807340730e+01
2.200000000000000178e+00 1.374486169807443048e+01
2.200000000000000178e+00 1.376587921740493492e+01
2.200000000000000178e+00 1.376587921740514098e+01
2.200000000000000178e+00 1.378424082507124915e+01
2.200000000000000178e+00 1.378424082507265780e+01
2.200000000000000178e+00 1.379171178581132473e+01
2.200000000000000178e+00 1.379171178581168000e+01
2.200000000000000178e+00 1.379379749526821897e+01
2.200000000000000178e+00 1.379379749526867549e+01
2.200000000000000178e+00 1.379379749526867549e+01
2.200000000000000178e+00 1.379379749526938426e+01
2.200000000000000178e+00 1.384308016497744731e+01
2.200000000000000178e+00 1.384308016497744731e+01
2.200000000000000178e+00 1.384377314551022664e+01
2.200000000000000178e+00 1.384571474341178821e+01
2.200000000000000178e+00 1.384571474341268882e+01
2.200000000000000178e+00 1.387146801750810887e+01
2.200000000000000178e+00 1.387146801750945713e+01
2.200000000000000178e+00 1.398825043889133646e+01
2.200000000000000178e+00 1.399590270299316863e+01
2.200000000000000178e+00 1.404426041628243560e+01
2.200000000000000178e+00 1.451313674601879278e+01
2.200000000000000178e+00 1.451313674601927772e+01
2.200000000000000178e+00 1.452153894323892480e+01
2.200000000000000178e+00 1.452153894323925520e+01
2.200000000000000178e+00 1.475800632802550538e+01
2.200000000000000178e+00 1.475800632802561907e+01
2.200000000000000178e+00 1.475800632802684831e+01
2.200000000000000178e+00 1.475800632802684831e+01
2.200000000000000178e+00 1.476095882693972428e+01
2.200000000000000178e+00 1.476095882693972428e+01
2.200000000000000178e+00 1.488291749083312965e+01
2.200000000000000178e+00 1.488291749083397875e+01
2.200000000000000178e+00 1.489058544359486369e+01
2.299999999999999822e+00 0.000000000000000000e+00
2.299999999999999822e+00 3.268496584496460855e-13
2.299999999999999822e+00 9.199741084835366678e-02
2.299999999999999822e+00 8.642145306803815430e+00
2.299999999999999822e+00 8.642145306803815430e+00
2.299999999999999822e+00 8.693024884099717298e+00
2.299999999999999822e+00 8.693024884100456262e+00
2.299999999999999822e+00 8.904887149142314939e+00
2.299999999999999822e+00 8.904887149142314939e+00
2.299999999999999822e+00 9.249397715764608563e+00
2.299999999999999822e+00 9.249397715764608563e+00
2.299999999999999822e+00 9.253924274390810112e+00
2.299999999999999822e+00 9.253924274391604143e+00
2.299999999999999822e+00 9.546060681495674771e+00
2.299999999999999822e+00 9.617106987137002960e+00
2.299999999999999822e+00 9.909136959694254898e+00
2.299999999999999822e+00 9.909136959694254898e+00
2.299999999999999822e+00 9.909136959694794911e+00
2.299999999999999822e+00 9.909136959694794911e+00
2.299999999999999822e+00 1.029979506550018620e+01
2.299999999999999822e+00 1.029979506550057877e+01
2.299999999999999822e+00 1.035976186991071657e+01
2.299999999999999822e+00 1.035976186991071657e+01
2.299999999999999822e+00 1.054881239115548297e+01
2.299999999999999822e+00 1.054881239115548297e+01
2.299999999999999822e+00 1.065127117593131700e+01
2.299999999999999822e+00 1.065127117593131700e+01
2.299999999999999822e+00 1.072148332555830663e+01
2.299999999999999822e+00 1.072148332555966910e+01
2.299999999999999822e+00 1.086789844283891782e+01
2.299999999999999822e+00 1.112215142340828677e+01
2.299999999999999822e+00 1.112215142340840046e+01
2.299999999999999822e+00 1.140779801966634999e+01
2.299999999999999822e+00 1.170464408758784103e+01
2.299999999999999822e+00 1.170464408758784103e+01
2.299999999999999822e+00 1.170464408758966002e+01
2.299999999999999822e+00 1.170464408758966002e+01
2.299999999999999822e+00 1.175951936373175855e+01
2.299999999999999822e+00 1.175951936373175855e+01
2.299999999999999822e+00 1.175951936373201434e+01
2.299999999999999822e+00 1.175951936373201434e+01
2.299999999999999822e+00 1.183855022483482244e+01
2.299999999999999822e+00 1.183855022483482244e+01
2.299999999999999822e+00 1.230939424944930494e+01
2.299999999999999822e+00 1.230939424945005456e+01
2.299999999999999822e+00 1.310679205771990397e+01
2.299999999999999822e+00 1.310679205772095557e+01
2.299999999999999822e+00 1.317836941111798765e+01
2.299999999999999822e+00 1.317836941111798765e+01
2.299999999999999822e+00 1.331544282706230931e+01
2.299999999999999822e+00 1.331544282706415672e+01
2.299999999999999822e+00 1.336204435310607330e+01
2.299999999999999822e+00 1.338033067227313921e+01
2.299999999999999822e+00 1.338033067227313921e+01
2.299999999999999822e+00 1.345142732754361958e+01
2.299999999999999822e+00 1.345142732754361958e+01
2.299999999999999822e+00 1.348148925466713877e+01
2.299999999999999822e+00 1.348148925466802517e+01
2.299999999999999822e+00 1.349842359549439763e+01
2.299999999999999822e+00 1.349842359549439763e+01
2.299999999999999822e+00 1.352620126387166977e+01
2.299999999999999822e+00 1.352620126387166977e+01
2.299999999999999822e+00 1.352620126387265742e+01
2.299999999999999822e+00 1.352620126387265742e+01
2.299999999999999822e+00 1.359302806896910987e+01
2.299999999999999822e+00 1.359302806896910987e+01
2.299999999999999822e+00 1.361171356822248946e+01
2.299999999999999822e+00 1.364273796726765298e+01
2.299999999999999822e+00 1.364273796726765298e+01
2.299999999999999822e+00 1.367391305172176885e+01
2.299999999999999822e+00 1.367391305172334270e+01
2.299999999999999822e+00 1.386170305917662127e+01
2.299999999999999822e+00 1.386589407924980577e+01
2.299999999999999822e+00 1.392165561465455959e+01
2.299999999999999822e+00 1.428925043232384340e+01
2.299999999999999822e+00 1.428925043232458947e+01
2.299999999999999822e+00 1.438868363206033330e+01
2.299999999999999822e+00 1.438868363206057133e+01
2.299999999999999822e+00 1.455987015100450677e+01
2.299999999999999822e+00 1.455987015100450677e+01
2.299999999999999822e+00 1.455987015100538784e+01
2.299999999999999822e+00 1.455987015100538784e+01
2.299999999999999822e+00 1.463241814430361032e+01
2.299999999999999822e+00 1.463241814430361032e+01
2.299999999999999822e+00 1.473628228330291812e+01
2.299999999999999822e+00 1.473628228330291812e+01
2.299999999999999822e+00 1.476586372885632237e+01
2.299999999999999822e+00 1.476586372885632237e+01
2.299999999999999822e+00 1.479442381938599027e+01
2.299999999999999822e+00 1.487259635837672889e+01
2.299999999999999822e+00 1.487259635837672889e+01
2.299999999999999822e+00 1.487259635837679461e+01
2.299999999999999822e+00 1.487259635837679461e+01
2.299999999999999822e+00 1.494915732933597674e+01
2.299999999999999822e+00 1.494915732933626096e+01
2.399999999999999911e+00 0.000000000000000000e+00
2.399999999999999911e+00 4.760636329592671245e-13
2.399999999999999911e+00 1.192815649570739822e-01
2.399999999999999911e+00 8.324301275640880959e+00
2.399999999999999911e+00 8.324301275641200704e+00
2.399999999999999911e+00 8.372390758435605207e+00
2.399999999999999911e+00 8.372390758436171865e+00
2.399999999999999911e+00 8.652281884369916298e+00
2.399999999999999911e+00 8.652281884370523812e+00
2.399999999999999911e+00 9.046602604830024319e+00
2.399999999999999911e+00 9.046602604830264127e+00
2.399999999999999911e+00 9.052039944906809410e+00
2.399999999999999911e+00 9.052039944907470215e+00
2.399999999999999911e+00 9.404293992241033351e+00
2.399999999999999911e+00 9.448366783499988486e+00
2.399999999999999911e+00 9.448366783499988486e+00
2.399999999999999911e+00 9.448366783500002697e+00
2.399999999999999911e+00 9.448366783500201649e+00
2.399999999999999911e+00 9.477239649053760928e+00
2.399999999999999911e+00 9.844574141074813767e+00
2.399999999999999911e+00 9.844574141075035811e+00
2.399999999999999911e+00 9.951884397868159482e+00
2.399999999999999911e+00 9.951884397868226984e+00
2.399999999999999911e+00 1.018451299824243605e+01
2.399999999999999911e+00 1.018451299824243605e+01
2.399999999999999911e+00 1.027605755624605877e+01
2.399999999999999911e+00 1.027605755624649220e+01
2.399999999999999911e+00 1.039265676186702336e+01
2.399999999999999911e+00 1.039265676186774101e+01
2.399999999999999911e+00 1.058565104696036840e+01
2.399999999999999911e+00 1.078981878292603014e+01
2.399999999999999911e+00 1.078981878292615448e+01
2.399999999999999911e+00 1.096220791924860904e+01
2.399999999999999911e+00 1.131104421521328263e+01
2.399999999999999911e+00 1.131104421521356684e+01
2.399999999999999911e+00 1.131104421521396475e+01
2.399999999999999911e+00 1.131104421521396475e+01
2.399999999999999911e+00 1.144365129888597821e+01
2.399999999999999911e+00 1.144365129888597821e+01
2.399999999999999911e+00 1.144365129888680244e+01
2.399999999999999911e+00 1.144365129888683086e+01
2.399999999999999911e+00 1.153933123451656328e+01
2.399999999999999911e+00 1.153933123451781384e+01
2.399999999999999911e+00 1.218300361404774534e+01
2.399999999999999911e+00 1.218300361404842747e+01
2.399999999999999911e+00 1.280863216323518117e+01
2.399999999999999911e+00 1.280863216323565901e+01
2.399999999999999911e+00 1.281525882280964979e+01
2.399999999999999911e+00 1.281525882281067297e+01
2.399999999999999911e+00 1.293495060833407351e+01
2.399999999999999911e+00 1.293495060833407351e+01
2.399999999999999911e+00 1.314174502237500164e+01
2.399999999999999911e+00 1.314174502237557007e+01
2.399999999999999911e+00 1.317634545163440940e+01
2.399999999999999911e+00 1.317634545163514304e+01
2.399999999999999911e+00 1.318115311915613219e+01
2.399999999999999911e+00 1.320330473047249775e+01
2.399999999999999911e+00 1.320330473047381048e+01
2.399999999999999911e+00 1.321753007934980317e+01
2.399999999999999911e+00 1.321753007934995239e+01
2.399999999999999911e+00 1.327533175728021853e+01
2.399999999999999911e+00 1.327533175728021853e+01
2.399999999999999911e+00 1.327533175728034998e+01
2.399999999999999911e+00 1.327533175728071946e+01
2.399999999999999911e+00 1.340940222181054864e+01
2.399999999999999911e+00 1.340940222181056640e+01
2.399999999999999911e+00 1.340961903133002053e+01
2.399999999999999911e+00 1.344023027789230795e+01
2.399999999999999911e+00 1.344023027789294567e+01
2.399999999999999911e+00 1.347633904065854082e+01
2.399999999999999911e+00 1.347633904065897781e+01
2.399999999999999911e+00 1.375004328135822185e+01
2.399999999999999911e+00 1.375978994660814791e+01
2.399999999999999911e+00 1.381498679336864832e+01
2.399999999999999911e+00 1.408637210574424969e+01
2.399999999999999911e+00 1.408637210574433851e+01
2.399999999999999911e+00 1.427566498214803481e+01
2.399999999999999911e+00 1.427566498214813251e+01
2.399999999999999911e+00 1.431294458160378014e+01
2.399999999999999911e+00 1.431294458160378014e+01
2.399999999999999911e+00 1.437923692097659512e+01
2.399999999999999911e+00 1.437923692097719197e+01
2.399999999999999911e+00 1.437923692097777462e+01
2.399999999999999911e+00 1.437923692097777462e+01
2.399999999999999911e+00 1.451606835885317892e+01
2.399999999999999911e+00 1.451606835885317892e+01
2.399999999999999911e+00 1.465940529171586704e+01
2.399999999999999911e+00 1.465940529171617968e+01
2.399999999999999911e+00 1.469283655098481844e+01
2.399999999999999911e+00 1.475199695454880811e+01
2.399999999999999911e+00 1.475199695454880811e+01
2.399999999999999911e+00 1.475199695454906212e+01
2.399999999999999911e+00 1.475199695454983484e+01
2.399999999999999911e+00 1.482593883468104323e+01
2.399999999999999911e+00 1.482593883468125995e+01
2.399999999999999911e+00 1.491265838552603995e+01
2.399999999999999911e+00 1.491265838552621048e+01
2.399999999999999911e+00 1.492879649782501872e+01
2.399999999999999911e+00 1.492879649782503115e+01
2.399999999999999911e+00 1.498148423145536157e+01
2.399999999999999911e+00 1.498148423145612007e+01
2.500000000000000000e+00 0.000000000000000000e+00
2.500000000000000000e+00 4.547473508864641190e-13
2.500000000000000000e+00 1.516956218999538919e-01
2.500000000000000000e+00 8.014653603758244316e+00
2.500000000000000000e+00 8.014653603758244316e+00
2.500000000000000000e+00 8.059466839542237082e+00
2.500000000000000000e+00 8.059466839543016903e+00
2.500000000000000000e+00 8.417741770484306940e+00
2.500000000000000000e+00 8.417741770484306940e+00
2.500000000000000000e+00 8.863781819375212478e+00
2.500000000000000000e+00 8.863781819375212478e+00
2.500000000000000000e+00 8.870220422313501274e+00
2.500000000000000000e+00 8.870220422313677133e+00
2.500000000000000000e+00 9.004516478429748005e+00
2.500000000000000000e+00 9.004516478429748005e+00
2.500000000000000000e+00 9.004516478430005577e+00
2.500000000000000000e+00 9.004516478430005577e+00
2.500000000000000000e+00 9.289288174183351288e+00
2.500000000000000000e+00 9.363903917524748266e+00
2.500000000000000000e+00 9.401276150095933204e+00
2.500000000000000000e+00 9.401276150097061191e+00
2.500000000000000000e+00 9.566051651986787974e+00
2.500000000000000000e+00 9.566051651986787974e+00
2.500000000000000000e+00 9.839516756518799312e+00
2.500000000000000000e+00 9.839516756518799312e+00
2.500000000000000000e+00 9.926682737870528683e+00
2.500000000000000000e+00 9.926682737870528683e+00
2.500000000000000000e+00 1.008954512273736093e+01
2.500000000000000000e+00 1.008954512273768600e+01
2.500000000000000000e+00 1.033357150843115591e+01
2.500000000000000000e+00 1.050340896077109498e+01
2.500000000000000000e+00 1.050340896077161545e+01
2.500000000000000000e+00 1.053862240531559458e+01
2.500000000000000000e+00 1.088148702295062975e+01
2.500000000000000000e+00 1.088148702295062975e+01
2.500000000000000000e+00 1.088148702295072923e+01
2.500000000000000000e+00 1.088148702295072923e+01
2.500000000000000000e+00 1.119517831607124236e+01
2.500000000000000000e+00 1.119517831607124236e+01
2.500000000000000000e+00 1.119517831607178238e+01
2.500000000000000000e+00 1.119517831607178238e+01
2.500000000000000000e+00 1.126711064372840809e+01
2.500000000000000000e+00 1.126711064372840809e+01
2.500000000000000000e+00 1.207900070137090864e+01
2.500000000000000000e+00 1.207900070137103654e+01
2.500000000000000000e+00 1.244066506768077573e+01
2.500000000000000000e+00 1.244066506768077573e+01
2.500000000000000000e+00 1.251102886201027076e+01
2.500000000000000000e+00 1.251102886201027076e+01
2.500000000000000000e+00 1.254777573743970542e+01
2.500000000000000000e+00 1.254777573743978181e+01
2.500000000000000000e+00 1.292109041158914451e+01
2.500000000000000000e+00 1.292109041158914451e+01
2.500000000000000000e+00 1.294664193700545951e+01
2.500000000000000000e+00 1.294664193700565846e+01
2.500000000000000000e+00 1.295616942109082714e+01
2.500000000000000000e+00 1.295616942109082714e+01
2.500000000000000000e+00 1.299267987307558059e+01
2.500000000000000000e+00 1.299267987307580796e+01
2.500000000000000000e+00 1.302506287667892337e+01
2.500000000000000000e+00 1.304354074382497686e+01
2.500000000000000000e+00 1.304354074382497686e+01
2.500000000000000000e+00 1.304354074382521134e+01
2.500000000000000000e+00 1.304354074382521134e+01
2.500000000000000000e+00 1.323777056634826366e+01
2.500000000000000000e+00 1.324133055432984030e+01
2.500000000000000000e+00 1.324133055432984030e+01
2.500000000000000000e+00 1.324139350361601686e+01
2.500000000000000000e+00 1.324139350361601686e+01
2.500000000000000000e+00 1.328162098923930756e+01
2.500000000000000000e+00 1.328162098924061496e+01
2.500000000000000000e+00 1.366142245123779020e+01
2.500000000000000000e+00 1.367110742929983047e+01
2.500000000000000000e+00 1.372545238374893728e+01
2.500000000000000000e+00 1.390812789464181165e+01
2.500000000000000000e+00 1.390812789464350274e+01
2.500000000000000000e+00 1.391398951985703292e+01
2.500000000000000000e+00 1.391398951985703292e+01
2.500000000000000000e+00 1.418344462518323468e+01
2.500000000000000000e+00 1.418344462518505011e+01
2.500000000000000000e+00 1.421674818622553715e+01
2.500000000000000000e+00 1.421674818622553715e+01
2.500000000000000000e+00 1.421674818622587821e+01
2.500000000000000000e+00 1.421674818622587821e+01
2.500000000000000000e+00 1.441338133129194787e+01
2.500000000000000000e+00 1.441338133129194787e+01
2.500000000000000000e+00 1.456428411915848464e+01
2.500000000000000000e+00 1.456428411915848464e+01
2.500000000000000000e+00 1.458942547953351898e+01
2.500000000000000000e+00 1.465023230649062391e+01
2.500000000000000000e+00 1.465023230649062391e+01
2.500000000000000000e+00 1.465023230649181940e+01
2.500000000000000000e+00 1.465023230649181940e+01
2.500000000000000000e+00 1.474698662082773382e+01
2.500000000000000000e+00 1.474698662082822764e+01
2.500000000000000000e+00 1.479857665629562291e+01
2.500000000000000000e+00 1.479857665629562291e+01
2.500000000000000000e+00 1.481089435589088232e+01
2.500000000000000000e+00 1.481089435589088232e+01
2.500000000000000000e+00 1.489061211380459326e+01
2.500000000000000000e+00 1.489061211380459326e+01
2.500000000000000000e+00 1.496584442794626213e+01
2.500000000000000000e+00 1.496584442794626213e+01
2.600000000000000089e+00 0.000000000000000000e+00
2.600000000000000089e+00 2.842170943040400743e-13
2.600000000000000089e+00 1.894765454936297999e-01
2.600000000000000089e+00 7.713797153227428538e+00
2.600000000000000089e+00 7.713797153227428538e+00
2.600000000000000089e+00 7.755037636098446541e+00
2.600000000000000089e+00 7.755037636098615295e+00
2.600000000000000089e+00 8.201496370876482089e+00
2.600000000000000089e+00 8.201496370876578013e+00
2.600000000000000089e+00 8.579967818568748683e+00
2.600000000000000089e+00 8.579967818568748683e+00
2.600000000000000089e+00 8.579967818568972504e+00
2.600000000000000089e+00 8.579967818568972504e+00
2.600000000000000089e+00 8.700615339862558528e+00
2.600000000000000089e+00 8.700615339863976061e+00
2.600000000000000089e+00 8.708142455095957857e+00
2.600000000000000089e+00 8.708142455096300694e+00
2.600000000000000089e+00 8.973888601748772231e+00
2.600000000000000089e+00 8.973888601748774008e+00
2.600000000000000089e+00 9.200811884733182566e+00
2.600000000000000089e+00 9.202617043443531486e+00
2.600000000000000089e+00 9.202617043443531486e+00
2.600000000000000089e+00 9.276881602826877682e+00
2.600000000000000089e+00 9.515555151936554878e+00
2.600000000000000089e+00 9.515555151936554878e+00
2.600000000000000089e+00 9.603484225535064311e+00
2.600000000000000089e+00 9.603484225536231378e+00
2.600000000000000089e+00 9.812060134329350092e+00
2.600000000000000089e+00 9.812060134329749772e+00
2.600000000000000089e+00 1.011179352438485246e+01
2.600000000000000089e+00 1.013780234175301409e+01
2.600000000000000089e+00 1.026133407481631288e+01
2.600000000000000089e+00 1.026133407481770554e+01
2.600000000000000089e+00 1.047274061549453172e+01
2.600000000000000089e+00 1.047274061549453172e+01
2.600000000000000089e+00 1.047274061549463475e+01
2.600000000000000089e+00 1.047274061549463475e+01
2.600000000000000089e+00 1.096120662847495808e+01
2.600000000000000089e+00 1.096120662847495808e+01
2.600000000000000089e+00 1.096120662847537020e+01
2.600000000000000089e+00 1.096120662847537020e+01
2.600000000000000089e+00 1.102214421254897836e+01
2.600000000000000089e+00 1.102214421254948995e+01
2.600000000000000089e+00 1.199775633759202620e+01
2.600000000000000089e+00 1.199775633759249516e+01
2.600000000000000089e+00 1.208432410896694797e+01
2.600000000000000089e+00 1.208432410896763010e+01
2.600000000000000089e+00 1.211136133503625345e+01
2.600000000000000089e+00 1.211136133503625345e+01
2.600000000000000089e+00 1.230557644808411411e+01
2.600000000000000089e+00 1.230557644808459372e+01
2.600000000000000089e+00 1.268648838544217483e+01
2.600000000000000089e+00 1.268648838544282675e+01
2.600000000000000089e+00 1.272055865112516315e+01
2.600000000000000089e+00 1.272055865112607265e+01
2.600000000000000089e+00 1.272364680934347447e+01
2.600000000000000089e+00 1.272364680934347447e+01
2.600000000000000089e+00 1.283243937831149495e+01
2.600000000000000089e+00 1.283243937831149495e+01
2.600000000000000089e+00 1.283243937831169390e+01
2.600000000000000089e+00 1.283243937831185022e+01
2.600000000000000089e+00 1.286896914465613584e+01
2.600000000000000089e+00 1.286896914465805430e+01
2.600000000000000089e+00 1.289403903384628691e+01
2.600000000000000089e+00 1.304990041025492431e+01
2.600000000000000089e+00 1.304990041025589065e+01
2.600000000000000089e+00 1.308913282797198718e+01
2.600000000000000089e+00 1.308913282797209732e+01
2.600000000000000089e+00 1.309330740553984995e+01
2.600000000000000089e+00 1.309330740554000627e+01
2.600000000000000089e+00 1.309603962573496361e+01
2.600000000000000089e+00 1.354211151433279170e+01
2.600000000000000089e+00 1.354211151433279170e+01
2.600000000000000089e+00 1.359606676188112573e+01
2.600000000000000089e+00 1.360076655098448128e+01
2.600000000000000089e+00 1.365400405436007247e+01
2.600000000000000089e+00 1.375625410178519026e+01
2.600000000000000089e+00 1.375625410178643726e+01
2.600000000000000089e+00 1.407152412377450368e+01
2.600000000000000089e+00 1.407152412377450368e+01
2.600000000000000089e+00 1.407152412377456585e+01
2.600000000000000089e+00 1.407152412377499218e+01
2.600000000000000089e+00 1.411263646516731818e+01
2.600000000000000089e+00 1.411263646516899861e+01
2.600000000000000089e+00 1.432513108886461772e+01
2.600000000000000089e+00 1.432513108886461772e+01
2.600000000000000089e+00 1.448091529126000765e+01
2.600000000000000089e+00 1.448091529126024923e+01
2.600000000000000089e+00 1.448909935489118084e+01
2.600000000000000089e+00 1.456917192637940062e+01
2.600000000000000089e+00 1.456917192637940062e+01
2.600000000000000089e+00 1.456917192637989444e+01
2.600000000000000089e+00 1.456917192637989444e+01
2.600000000000000089e+00 1.466836407709637768e+01
2.600000000000000089e+00 1.466836407709700296e+01
2.600000000000000089e+00 1.468556045171903079e+01
2.600000000000000089e+00 1.468556045171903079e+01
2.600000000000000089e+00 1.470212123454288289e+01
2.600000000000000089e+00 1.470212123454341580e+01
2.600000000000000089e+00 1.472329984207634368e+01
2.600000000000000089e+00 1.472329984207722475e+01
2.600000000000000089e+00 1.479940206769398259e+01
2.600000000000000089e+00 1.479940206769569855e+01
2.600000000000000089e+00 1.483477564352958566e+01
2.600000000000000089e+00 1.483477564352958566e+01
2.600000000000000089e+00 1.493240333976624612e+01
2.600000000000000089e+00 1.493240333976624612e+01
2.600000000000000089e+00 1.496713327326986942e+01
2.600000000000000089e+00 1.496713327327021226e+01
2.700000000000000178e+00 0.000000000000000000e+00
2.700000000000000178e+00 7.140954494389006868e-13
2.700000000000000178e+00 2.327293136068249169e-01
2.700000000000000178e+00 7.422492617596066822e+00
2.700000000000000178e+00 7.422492617596066822e+00
2.700000000000000178e+00 7.460050987513842102e+00
2.700000000000000178e+00 7.460050987514049936e+00
2.700000000000000178e+00 8.003621183100742442e+00
2.700000000000000178e+00 8.003621183100742442e+00
2.700000000000000178e+00 8.176316429413036602e+00
2.700000000000000178e+00 8.176316429413036602e+00
2.700000000000000178e+00 8.176316429413208908e+00
2.700000000000000178e+00 8.176316429413208908e+00
2.700000000000000178e+00 8.556629632249514117e+00
2.700000000000000178e+00 8.556629632249514117e+00
2.700000000000000178e+00 8.565328374635708286e+00
2.700000000000000178e+00 8.565328374635971187e+00
2.700000000000000178e+00 8.565408803374745972e+00
2.700000000000000178e+00 8.565408803375380131e+00
2.700000000000000178e+00 8.861627494169415087e+00
2.700000000000000178e+00 8.861627494169415087e+00
2.700000000000000178e+00 9.138432539328103843e+00
2.700000000000000178e+00 9.213740517678500552e+00
2.700000000000000178e+00 9.213740517678500552e+00
2.700000000000000178e+00 9.215754080300015971e+00
2.700000000000000178e+00 9.306440029813272119e+00
2.700000000000000178e+00 9.306440029813272119e+00
2.700000000000000178e+00 9.559842622135079182e+00
2.700000000000000178e+00 9.559842622135182211e+00
2.700000000000000178e+00 9.760042205460347731e+00
2.700000000000000178e+00 9.920171655648582387e+00
2.700000000000000178e+00 1.006172271681710484e+01
2.700000000000000178e+00 1.006172271681726826e+01
2.700000000000000178e+00 1.008597105520449944e+01
2.700000000000000178e+00 1.008597105520449944e+01
2.700000000000000178e+00 1.008597105520472859e+01
2.700000000000000178e+00 1.008597105520472859e+01
2.700000000000000178e+00 1.074329754657793856e+01
2.700000000000000178e+00 1.074329754657793856e+01
2.700000000000000178e+00 1.074329754657799185e+01
2.700000000000000178e+00 1.074329754657799185e+01
2.700000000000000178e+00 1.080430368940527686e+01
2.700000000000000178e+00 1.080430368940527686e+01
2.700000000000000178e+00 1.173764722813365680e+01
2.700000000000000178e+00 1.173764722813365680e+01
2.700000000000000178e+00 1.174584649066800601e+01
2.700000000000000178e+00 1.174584649066800601e+01
2.700000000000000178e+00 1.193938138094501333e+01
2.700000000000000178e+00 1.193938138094521761e+01
2.700000000000000178e+00 1.208925424264230664e+01
2.700000000000000178e+00 1.208925424264316817e+01
2.700000000000000178e+00 1.247287701256792225e+01
2.700000000000000178e+00 1.247287701256792225e+01
2.700000000000000178e+00 1.252485797779555199e+01
2.700000000000000178e+00 1.252485797779555199e+01
2.700000000000000178e+00 1.252940187406351313e+01
2.700000000000000178e+00 1.252940187406388262e+01
2.700000000000000178e+00 1.264304355657393231e+01
2.700000000000000178e+00 1.264304355657393231e+01
2.700000000000000178e+00 1.264304355657418810e+01
2.700000000000000178e+00 1.264304355657418810e+01
2.700000000000000178e+00 1.277089821827540916e+01
2.700000000000000178e+00 1.277089821827688709e+01
2.700000000000000178e+00 1.278815925142438914e+01
2.700000000000000178e+00 1.286935778747143289e+01
2.700000000000000178e+00 1.286935778747143289e+01
2.700000000000000178e+00 1.291505619330500210e+01
2.700000000000000178e+00 1.291505619330584764e+01
2.700000000000000178e+00 1.295296554187486393e+01
2.700000000000000178e+00 1.295296554187486393e+01
2.700000000000000178e+00 1.298396905026056025e+01
2.700000000000000178e+00 1.319838638872814229e+01
2.700000000000000178e+00 1.319838638872814229e+01
2.700000000000000178e+00 1.354941536747808506e+01
2.700000000000000178e+00 1.355394469706954652e+01
2.700000000000000178e+00 1.360132347199361114e+01
2.700000000000000178e+00 1.363139889582648934e+01
2.700000000000000178e+00 1.363139889582672382e+01
2.700000000000000178e+00 1.394218062701066074e+01
2.700000000000000178e+00 1.394218062701066074e+01
2.700000000000000178e+00 1.394218062701112970e+01
2.700000000000000178e+00 1.394218062701112970e+01
2.700000000000000178e+00 1.406353228759356355e+01
2.700000000000000178e+00 1.406353228759455121e+01
2.700000000000000178e+00 1.425118537057331380e+01
2.700000000000000178e+00 1.425118537057331380e+01
2.700000000000000178e+00 1.439676492129049379e+01
2.700000000000000178e+00 1.439959278752877836e+01
2.700000000000000178e+00 1.439959278752877836e+01
2.700000000000000178e+00 1.440943239982175683e+01
2.700000000000000178e+00 1.440943239982175683e+01
2.700000000000000178e+00 1.450943381110126396e+01
2.700000000000000178e+00 1.450943381110126396e+01
2.700000000000000178e+00 1.450943381110180397e+01
2.700000000000000178e+00 1.450943381110180397e+01
2.700000000000000178e+00 1.453545310731165507e+01
2.700000000000000178e+00 1.453545310731250950e+01
2.700000000000000178e+00 1.459027608286210764e+01
2.700000000000000178e+00 1.459027608286210764e+01
2.700000000000000178e+00 1.465130397299137499e+01
2.700000000000000178e+00 1.465130397299137499e+01
2.700000000000000178e+00 1.468508929530768015e+01
2.700000000000000178e+00 1.468508929530964480e+01
2.700000000000000178e+00 1.473286876699726022e+01
2.700000000000000178e+00 1.473286876699726022e+01
2.700000000000000178e+00 1.480746604928090804e+01
2.700000000000000178e+00 1.480746604928090804e+01
2.700000000000000178e+00 1.481322241571232112e+01
2.700000000000000178e+00 1.481322241571232112e+01
2.700000000000000178e+00 1.482078627056515430e+01
2.700000000000000178e+00 1.482078627056515430e+01
2.700000000000000178e+00 1.482078627056635511e+01
2.700000000000000178e+00 1.482078627056635511e+01
2.700000000000000178e+00 1.490875894204261520e+01
2.700000000000000178e+00 1.490875894204261520e+01
2.799999999999999822e+00 0.000000000000000000e+00
2.799999999999999822e+00 3.410605131648480892e-13
2.799999999999999822e+00 2.814161392556293606e-01
2.799999999999999822e+00 7.141573873868722444e+00
2.799999999999999822e+00 7.141573873868722444e+00
2.799999999999999822e+00 7.175505411721580629e+00
2.799999999999999822e+00 7.175505411721694315e+00
2.799999999999999822e+00 7.794499816372095324e+00
2.799999999999999822e+00 7.794499816372095324e+00
2.799999999999999822e+00 7.794499816372379541e+00
2.799999999999999822e+00 7.794499816372379541e+00
2.799999999999999822e+00 7.824027961226475369e+00
2.799999999999999822e+00 7.824027961226475369e+00
2.799999999999999822e+00 8.177764948628754027e+00
2.799999999999999822e+00 8.177764948629095088e+00
2.799999999999999822e+00 8.431205558396341004e+00
2.799999999999999822e+00 8.431205558396341004e+00
2.799999999999999822e+00 8.441154076672992446e+00
2.799999999999999822e+00 8.441154076673971218e+00
2.799999999999999822e+00 8.542859584868395473e+00
2.799999999999999822e+00 8.542859584868395473e+00
2.799999999999999822e+00 8.934653723108326062e+00
2.799999999999999822e+00 8.934653723108326062e+00
2.799999999999999822e+00 9.035219252037922644e+00
2.799999999999999822e+00 9.035219252037922644e+00
2.799999999999999822e+00 9.101525667362309946e+00
2.799999999999999822e+00 9.179911175864793549e+00
2.799999999999999822e+00 9.332298602279074373e+00
2.799999999999999822e+00 9.332298602279150757e+00
2.799999999999999822e+00 9.405278790854071147e+00
2.799999999999999822e+00 9.721758824053253534e+00
2.799999999999999822e+00 9.721758824053253534e+00
2.799999999999999822e+00 9.721758824053679859e+00
2.799999999999999822e+00 9.721758824053679859e+00
2.799999999999999822e+00 9.758312913083189599e+00
2.799999999999999822e+00 9.902705034934044193e+00
2.799999999999999822e+00 9.902705034934072614e+00
2.799999999999999822e+00 1.054255897363328920e+01
2.799999999999999822e+00 1.054255897363328920e+01
2.799999999999999822e+00 1.054255897363352190e+01
2.799999999999999822e+00 1.054255897363352190e+01
2.799999999999999822e+00 1.061314153369754543e+01
2.799999999999999822e+00 1.061314153369754543e+01
2.799999999999999822e+00 1.139071609282909492e+01
2.799999999999999822e+00 1.139071609282909492e+01
2.799999999999999822e+00 1.142884500088195310e+01
2.799999999999999822e+00 1.142884500088195310e+01
2.799999999999999822e+00 1.189891051731725824e+01
2.799999999999999822e+00 1.189891051731751759e+01
2.799999999999999822e+00 1.190373550713954742e+01
2.799999999999999822e+00 1.190373550713978013e+01
2.799999999999999822e+00 1.228021434286829994e+01
2.799999999999999822e+00 1.228021434286829994e+01
2.799999999999999822e+00 1.236172555622115610e+01
2.799999999999999822e+00 1.236172555622115610e+01
2.799999999999999822e+00 1.237456262564872311e+01
2.799999999999999822e+00 1.237456262564909082e+01
2.799999999999999822e+00 1.247587722924208720e+01
2.799999999999999822e+00 1.247587722924208720e+01
2.799999999999999822e+00 1.247587722924305353e+01
2.799999999999999822e+00 1.247587722924305353e+01
2.799999999999999822e+00 1.269837494051107818e+01
2.799999999999999822e+00 1.269837494051129845e+01
2.799999999999999822e+00 1.270289219487682431e+01
2.799999999999999822e+00 1.270289219487682431e+01
2.799999999999999822e+00 1.270726196526353924e+01
2.799999999999999822e+00 1.275014210962740435e+01
2.799999999999999822e+00 1.275014210962761751e+01
2.799999999999999822e+00 1.283283104245550632e+01
2.799999999999999822e+00 1.283283104245550632e+01
2.799999999999999822e+00 1.288292195091450765e+01
2.799999999999999822e+00 1.288292195091450765e+01
2.799999999999999822e+00 1.290083142893505652e+01
2.799999999999999822e+00 1.351742224244153334e+01
2.799999999999999822e+00 1.353353422607121992e+01
2.799999999999999822e+00 1.353353422607152190e+01
2.799999999999999822e+00 1.353478425414338915e+01
2.799999999999999822e+00 1.356781353527558842e+01
2.799999999999999822e+00 1.382740985322116956e+01
2.799999999999999822e+00 1.382740985322116956e+01
2.799999999999999822e+00 1.382740985322128324e+01
2.799999999999999822e+00 1.382740985322128324e+01
2.799999999999999822e+00 1.403612892000802681e+01
2.799999999999999822e+00 1.403612892000909618e+01
2.799999999999999822e+00 1.415963180584483183e+01
2.799999999999999822e+00 1.415963180584483183e+01
2.799999999999999822e+00 1.418951203521858417e+01
2.799999999999999822e+00 1.418951203521858417e+01
2.799999999999999822e+00 1.429685851675508701e+01
2.799999999999999822e+00 1.429685851675595565e+01
2.799999999999999822e+00 1.431653453660898023e+01
2.799999999999999822e+00 1.434975946179700657e+01
2.799999999999999822e+00 1.434975946179700657e+01
2.799999999999999822e+00 1.447104297870511402e+01
2.799999999999999822e+00 1.447104297870511402e+01
2.799999999999999822e+00 1.447104297870649248e+01
2.799999999999999822e+00 1.447104297870649248e+01
2.799999999999999822e+00 1.451290068395265109e+01
2.799999999999999822e+00 1.451290068395265109e+01
2.799999999999999822e+00 1.455292812379915013e+01
2.799999999999999822e+00 1.455292812379915013e+01
2.799999999999999822e+00 1.458576962312083758e+01
2.799999999999999822e+00 1.458576962312083758e+01
2.799999999999999822e+00 1.459565902426732720e+01
2.799999999999999822e+00 1.459565902426732720e+01
2.799999999999999822e+00 1.463973893702284101e+01
2.799999999999999822e+00 1.463973893702284101e+01
2.799999999999999822e+00 1.463973893702301154e+01
2.799999999999999822e+00 1.463973893702301154e+01
2.799999999999999822e+00 1.469197881012537898e+01
2.799999999999999822e+00 1.469197881012550688e+01
2.799999999999999822e+00 1.480452111941471749e+01
2.799999999999999822e+00 1.480452111941471749e+01
2.799999999999999822e+00 1.480922427692887311e+01
2.799999999999999822e+00 1.480922427692887311e+01
2.799999999999999822e+00 1.490438794764024877e+01
2.799999999999999822e+00 1.490438794764024877e+01
2.899999999999999911e+00 0.000000000000000000e+00
2.899999999999999911e+00 3.197442310920450836e-13
2.899999999999999911e+00 3.353544472542004939e-01
2.899999999999999911e+00 6.871848771915257004e+00
2.899999999999999911e+00 6.871848771915615828e+00
2.899999999999999911e+00 6.902338278524833726e+00
2.899999999999999911e+00 6.902338278525277815e+00
2.899999999999999911e+00 7.434912788267464379e+00
2.899999999999999911e+00 7.434912788267464379e+00
2.899999999999999911e+00 7.434912788267819650e+00
2.899999999999999911e+00 7.434912788267819650e+00
2.899999999999999911e+00 7.662462332937192144e+00
2.899999999999999911e+00 7.662462332937192144e+00
2.899999999999999911e+00 7.811986200749355902e+00
2.899999999999999911e+00 7.811986200749480247e+00
2.899999999999999911e+00 8.245852761176493573e+00
2.899999999999999911e+00 8.245852761176806212e+00
2.899999999999999911e+00 8.323590753600861092e+00
2.899999999999999911e+00 8.323590753600864645e+00
2.899999999999999911e+00 8.334861432081250854e+00
2.899999999999999911e+00 8.334861432081350330e+00
2.899999999999999911e+00 8.678427204109677717e+00
2.899999999999999911e+00 8.678427204109677717e+00
2.899999999999999911e+00 8.789226653146922530e+00
2.899999999999999911e+00 8.789226653146922530e+00
2.899999999999999911e+00 9.073160089547615215e+00
2.899999999999999911e+00 9.089289065631486864e+00
2.899999999999999911e+00 9.128632123438972457e+00
2.899999999999999911e+00 9.128632123439100354e+00
2.899999999999999911e+00 9.168564955200590560e+00
2.899999999999999911e+00 9.380211870440216870e+00
2.899999999999999911e+00 9.380211870440216870e+00
2.899999999999999911e+00 9.380211870440302135e+00
2.899999999999999911e+00 9.380211870440302135e+00
2.899999999999999911e+00 9.625604958986762938e+00
2.899999999999999911e+00 9.782415032475235250e+00
2.899999999999999911e+00 9.782415032475281436e+00
2.899999999999999911e+00 1.035965656563127979e+01
2.899999999999999911e+00 1.035965656563127979e+01
2.899999999999999911e+00 1.035965656563139348e+01
2.899999999999999911e+00 1.035965656563139348e+01
2.899999999999999911e+00 1.044794352119058090e+01
2.899999999999999911e+00 1.044794352119086156e+01
2.899999999999999911e+00 1.107072812821475161e+01
2.899999999999999911e+00 1.107072812821475161e+01
2.899999999999999911e+00 1.113517532373476193e+01
2.899999999999999911e+00 1.113517532373476193e+01
2.899999999999999911e+00 1.173425827442495262e+01
2.899999999999999911e+00 1.173425827442560454e+01
2.899999999999999911e+00 1.189044330367432600e+01
2.899999999999999911e+00 1.189044330367435442e+01
2.899999999999999911e+00 1.210815757576065899e+01
2.899999999999999911e+00 1.210815757576065899e+01
2.899999999999999911e+00 1.223430888730458221e+01
2.899999999999999911e+00 1.223430888730528565e+01
2.899999999999999911e+00 1.225567916148668424e+01
2.899999999999999911e+00 1.225567916148763459e+01
2.899999999999999911e+00 1.233105164723885316e+01
2.899999999999999911e+00 1.233105164723885316e+01
2.899999999999999911e+00 1.233105164723926350e+01
2.899999999999999911e+00 1.233105164723926350e+01
2.899999999999999911e+00 1.255292881843341490e+01
2.899999999999999911e+00 1.255292881843391939e+01
2.899999999999999911e+00 1.259523536512937447e+01
2.899999999999999911e+00 1.259523536512937447e+01
2.899999999999999911e+00 1.260116159121388968e+01
2.899999999999999911e+00 1.260116159121514912e+01
2.899999999999999911e+00 1.265093946539002445e+01
2.899999999999999911e+00 1.265098515094106801e+01
2.899999999999999911e+00 1.265098515094155474e+01
2.899999999999999911e+00 1.272858524741807784e+01
2.899999999999999911e+00 1.272858524741952735e+01
2.899999999999999911e+00 1.284567525958193279e+01
2.899999999999999911e+00 1.346217971190823448e+01
2.899999999999999911e+00 1.346217971190845653e+01
2.899999999999999911e+00 1.350488182042392893e+01
2.899999999999999911e+00 1.353809350444886661e+01
2.899999999999999911e+00 1.355360315649861214e+01
2.899999999999999911e+00 1.372628591711261592e+01
2.899999999999999911e+00 1.372628591711261592e+01
2.899999999999999911e+00 1.372628591711378121e+01
2.899999999999999911e+00 1.372628591711378121e+01
2.899999999999999911e+00 1.394815347794027005e+01
2.899999999999999911e+00 1.394815347794067151e+01
2.899999999999999911e+00 1.403015766387312269e+01
2.899999999999999911e+00 1.403015766387322216e+01
2.899999999999999911e+00 1.408460515731898788e+01
2.899999999999999911e+00 1.408460515731977480e+01
2.899999999999999911e+00 1.413138259386004059e+01
2.899999999999999911e+00 1.413138259386004059e+01
2.899999999999999911e+00 1.425145472303956851e+01
2.899999999999999911e+00 1.430169934101446572e+01
2.899999999999999911e+00 1.430169934101446572e+01
2.899999999999999911e+00 1.438344128505569586e+01
2.899999999999999911e+00 1.438344128505569586e+01
2.899999999999999911e+00 1.439124679152014963e+01
2.899999999999999911e+00 1.439124679152014963e+01
2.899999999999999911e+00 1.445331081097723214e+01
2.899999999999999911e+00 1.445331081097778458e+01
2.899999999999999911e+00 1.445369158240793794e+01
2.899999999999999911e+00 1.445369158240793794e+01
2.899999999999999911e+00 1.445369158240842111e+01
2.899999999999999911e+00 1.445369158240842111e+01
2.899999999999999911e+00 1.447684756767199232e+01
2.899999999999999911e+00 1.447684756767199232e+01
2.899999999999999911e+00 1.447684756767339920e+01
2.899999999999999911e+00 1.447684756767339920e+01
2.899999999999999911e+00 1.455654816486167924e+01
2.899999999999999911e+00 1.455654816486229919e+01
2.899999999999999911e+00 1.465786853423530189e+01
2.899999999999999911e+00 1.465786853423530189e+01
2.899999999999999911e+00 1.472018367214514001e+01
2.899999999999999911e+00 1.472018367214669610e+01
2.899999999999999911e+00 1.482316863523793060e+01
2.899999999999999911e+00 1.482316863523954886e+01
2.899999999999999911e+00 1.488018969607461450e+01
2.899999999999999911e+00 1.488018969607461450e+01
3.000000000000000000e+00 0.000000000000000000e+00
3.000000000000000000e+00 2.593480985524365678e-13
3.000000000000000000e+00 3.942238383164600179e-01
3.000000000000000000e+00 6.614012280539618871e+00
3.000000000000000000e+00 6.614012280539618871e+00
3.000000000000000000e+00 6.641334600388123732e+00
3.000000000000000000e+00 6.641334600388155707e+00
3.000000000000000000e+00 7.097508887167862213e+00
3.000000000000000000e+00 7.097508887167862213e+00
3.000000000000000000e+00 7.097508887168320513e+00
3.000000000000000000e+00 7.097508887168320513e+00
3.000000000000000000e+00 7.468408934088795803e+00
3.000000000000000000e+00 7.468408934088959228e+00
3.000000000000000000e+00 7.518509364755040281e+00
3.000000000000000000e+00 7.518509364755040281e+00
3.000000000000000000e+00 7.969942204163913857e+00
3.000000000000000000e+00 7.969942204163913857e+00
3.000000000000000000e+00 8.232916755868554759e+00
3.000000000000000000e+00 8.232916755868554759e+00
3.000000000000000000e+00 8.245575426392655061e+00
3.000000000000000000e+00 8.245575426393322971e+00
3.000000000000000000e+00 8.444821616599718084e+00
3.000000000000000000e+00 8.444821616599718084e+00
3.000000000000000000e+00 8.567644440165064879e+00
3.000000000000000000e+00 8.567644440165064879e+00
3.000000000000000000e+00 8.763096400658483276e+00
3.000000000000000000e+00 8.947877347268544668e+00
3.000000000000000000e+00 8.947877347268590853e+00
3.000000000000000000e+00 9.061058382262380917e+00
3.000000000000000000e+00 9.061058382262380917e+00
3.000000000000000000e+00 9.061058382263006195e+00
3.000000000000000000e+00 9.061058382263006195e+00
3.000000000000000000e+00 9.100762105136901425e+00
3.000000000000000000e+00 9.180768757568529281e+00
3.000000000000000000e+00 9.521243648659741154e+00
3.000000000000000000e+00 9.698935907380239030e+00
3.000000000000000000e+00 9.698935907381166288e+00
3.000000000000000000e+00 1.019485269399475413e+01
3.000000000000000000e+00 1.019485269399475413e+01
3.000000000000000000e+00 1.019485269399540783e+01
3.000000000000000000e+00 1.019485269399540783e+01
3.000000000000000000e+00 1.030777490885069270e+01
3.000000000000000000e+00 1.030777490885069270e+01
3.000000000000000000e+00 1.077733636233849523e+01
3.000000000000000000e+00 1.077733636233849523e+01
3.000000000000000000e+00 1.086553705391232683e+01
3.000000000000000000e+00 1.086553705391232683e+01
3.000000000000000000e+00 1.159470034344919753e+01
3.000000000000000000e+00 1.159470034344985123e+01
3.000000000000000000e+00 1.189891714900783626e+01
3.000000000000000000e+00 1.189891714900834785e+01
3.000000000000000000e+00 1.195612418508002150e+01
3.000000000000000000e+00 1.195612418508002150e+01
3.000000000000000000e+00 1.214153865761371343e+01
3.000000000000000000e+00 1.214153865761371343e+01
3.000000000000000000e+00 1.217137880469720557e+01
3.000000000000000000e+00 1.217137880469911870e+01
3.000000000000000000e+00 1.220833235102912084e+01
3.000000000000000000e+00 1.220833235102912084e+01
3.000000000000000000e+00 1.220833235102953473e+01
3.000000000000000000e+00 1.220833235102953473e+01
3.000000000000000000e+00 1.233446540419228832e+01
3.000000000000000000e+00 1.233446540419228832e+01
3.000000000000000000e+00 1.242113880225721090e+01
3.000000000000000000e+00 1.242113880225721090e+01
3.000000000000000000e+00 1.246993612323543488e+01
3.000000000000000000e+00 1.246993612323637279e+01
3.000000000000000000e+00 1.261855440991116950e+01
3.000000000000000000e+00 1.262804540169280010e+01
3.000000000000000000e+00 1.262804540169323531e+01
3.000000000000000000e+00 1.263994629498050770e+01
3.000000000000000000e+00 1.263994629498050770e+01
3.000000000000000000e+00 1.281736523147643680e+01
3.000000000000000000e+00 1.341653575958131128e+01
3.000000000000000000e+00 1.341653575958184064e+01
3.000000000000000000e+00 1.351163279229857217e+01
3.000000000000000000e+00 1.355856390701136860e+01
3.000000000000000000e+00 1.356318519113183818e+01
3.000000000000000000e+00 1.363835375235060354e+01
3.000000000000000000e+00 1.363835375235060354e+01
3.000000000000000000e+00 1.363835375235142777e+01
3.000000000000000000e+00 1.363835375235142777e+01
3.000000000000000000e+00 1.376447413842229395e+01
3.000000000000000000e+00 1.376447413842229395e+01
3.000000000000000000e+00 1.389884432736511855e+01
3.000000000000000000e+00 1.389884432736547382e+01
3.000000000000000000e+00 1.404321529165316207e+01
3.000000000000000000e+00 1.404321529165316207e+01
3.000000000000000000e+00 1.404511654264278064e+01
3.000000000000000000e+00 1.404511654264289788e+01
3.000000000000000000e+00 1.420354344685706671e+01
3.000000000000000000e+00 1.424392728408065523e+01
3.000000000000000000e+00 1.424392728408065523e+01
3.000000000000000000e+00 1.424690457115695175e+01
3.000000000000000000e+00 1.424690457115695175e+01
3.000000000000000000e+00 1.426502583923343792e+01
3.000000000000000000e+00 1.426502583923343792e+01
3.000000000000000000e+00 1.433375274190088078e+01
3.000000000000000000e+00 1.433375274190088078e+01
3.000000000000000000e+00 1.433375274190138171e+01
3.000000000000000000e+00 1.433375274190138171e+01
3.000000000000000000e+00 1.441113700837711775e+01
3.000000000000000000e+00 1.441113700837711775e+01
3.000000000000000000e+00 1.445683975473340688e+01
3.000000000000000000e+00 1.445683975473340688e+01
3.000000000000000000e+00 1.445683975473438920e+01
3.000000000000000000e+00 1.445683975473438920e+01
3.000000000000000000e+00 1.452727054084786218e+01
3.000000000000000000e+00 1.452727054084786218e+01
3.000000000000000000e+00 1.453371197882618304e+01
3.000000000000000000e+00 1.453371197882618304e+01
3.000000000000000000e+00 1.476781410549137874e+01
3.000000000000000000e+00 1.476781410549190099e+01
3.000000000000000000e+00 1.486143580674592890e+01
3.000000000000000000e+00 1.486143580674592890e+01
3.000000000000000000e+00 1.487781579158967027e+01
3.000000000000000000e+00 1.487781579158967027e+01
