0.000000 41.165783
0.100000 41.165783
0.200000 41.119360
0.300000 41.072936
0.400000 40.980090
0.500000 40.840820
0.600000 40.747974
0.700000 40.562281
0.800000 40.376588
0.900000 40.190895
1.000000 39.958779
1.100000 39.726663
1.200000 39.494547
1.300000 39.216008
1.400000 38.937469
1.500000 38.658929
1.600000 38.380390
1.700000 38.101851
1.800000 37.776888
1.900000 37.498349
2.000000 37.266233
2.100000 36.987694
2.200000 36.802001
2.300000 36.616308
2.400000 36.477039
2.500000 36.384192
2.600000 36.430615
2.700000 36.616308
2.800000 36.987694
2.900000 37.730465
3.000000 39.076738
