0.000000000000000000e+00 4.066354654186167750e+01
1.000000000000000056e-01 4.067778711148446291e+01
2.000000000000000111e-01 4.072050882035281916e+01
2.999999999999999889e-01 4.079883195327813183e+01
4.000000000000000222e-01 4.092343693747750422e+01
5.000000000000000000e-01 4.110144405776231480e+01
5.999999999999999778e-01 4.134353374134965264e+01
6.999999999999999556e-01 4.166038641545662102e+01
8.000000000000000444e-01 4.206624264970599114e+01
9.000000000000000222e-01 4.256466258650345935e+01
1.000000000000000000e+00 4.317344693787751453e+01
1.100000000000000089e+00 4.389259570382815667e+01
1.199999999999999956e+00 4.472922916916677138e+01
1.300000000000000044e+00 4.568334733389335867e+01
1.399999999999999911e+00 4.675139005560222927e+01
1.500000000000000000e+00 4.792267690707628702e+01
1.600000000000000089e+00 4.919364774590983558e+01
1.699999999999999956e+00 5.055362214488580008e+01
1.800000000000000044e+00 5.198479939197568456e+01
1.899999999999999911e+00 5.348005920236810340e+01
2.000000000000000000e+00 5.502872114884595334e+01
2.100000000000000089e+00 5.662010480419216663e+01
2.200000000000000178e+00 5.825065002600103981e+01
2.299999999999999822e+00 5.990967638705547671e+01
2.399999999999999911e+00 6.159362374494979520e+01
2.500000000000000000e+00 6.329893195727829180e+01
2.600000000000000089e+00 6.502204088163526308e+01
2.700000000000000178e+00 6.675939037561502687e+01
2.799999999999999822e+00 6.851098043921757608e+01
2.899999999999999911e+00 7.026969078763150378e+01
3.000000000000000000e+00 7.204264170566823111e+01
3.100000000000000089e+00 7.382271290851633694e+01
3.200000000000000178e+00 7.560990439617584968e+01
3.299999999999999822e+00 7.740421616864675514e+01
3.399999999999999911e+00 7.920208808352334984e+01
3.500000000000000000e+00 8.100708028321133725e+01
3.600000000000000089e+00 8.281563262530501390e+01
3.700000000000000178e+00 8.462774510980439402e+01
3.799999999999999822e+00 8.644341773670947759e+01
3.899999999999999911e+00 8.826265050602025042e+01
4.000000000000000000e+00 9.000000000000000000e+01
