0 36.7791
0.0835118 36.7821
0.167024 36.7911
0.250535 36.8121
0.334047 36.8512
0.417559 36.9053
0.501071 36.9895
0.584582 37.1038
0.668094 37.2601
0.751606 37.4645
0.835118 37.7321
0.91863 38.0659
1.00214 38.4778
1.08565 38.9738
1.16916 39.5571
1.25268 40.2246
1.33619 40.9762
1.4197 41.803
1.50321 42.6869
1.58672 43.622
1.67024 44.5931
1.75375 45.5882
1.83726 46.6014
1.92077 47.6207
2.00428 48.6459
2.08779 49.6741
2.17131 50.7084
2.25482 51.7426
2.33833 52.7859
2.42184 53.8322
2.50535 54.8905
2.58887 55.9578
2.67238 57.0372
2.75589 58.1285
2.8394 59.2289
2.92291 60.3474
3.00642 61.4748
3.08994 62.6143
3.17345 63.7658
3.25696 64.9263
3.34047 66.0989
