0.000000 36.778789
0.100000 36.778789
0.200000 36.778789
0.300000 36.883242
0.400000 36.883242
0.500000 36.987694
0.600000 37.092146
0.700000 37.301051
0.800000 37.614407
0.900000 38.032216
1.000000 38.450025
1.100000 39.076738
1.200000 39.807904
1.300000 40.643522
1.400000 41.583592
1.500000 42.628114
1.600000 43.777089
1.700000 44.926063
1.800000 46.179490
1.900000 47.328464
2.000000 48.581891
2.100000 49.835318
2.200000 51.088744
2.300000 52.342171
2.400000 53.595598
2.500000 54.849025
2.600000 56.102451
2.700000 57.355878
2.800000 58.713757
2.900000 60.071636
3.000000 61.429515
~                     
