0 34.3736
0.0835118 34.3736
0.167024 34.3819
0.250535 34.3819
0.334047 34.3902
0.417559 34.3986
0.501071 34.4318
0.584582 34.4816
0.668094 34.5564
0.751606 34.6728
0.835118 34.8473
0.91863 35.0883
1.00214 35.4207
1.08565 35.8611
1.16916 36.4262
1.25268 37.1408
1.33619 38.0133
1.4197 39.0604
1.50321 40.2653
1.58672 41.6115
1.67024 43.1904
1.75375 44.5864
1.83726 46.1404
1.92077 47.7109
2.00428 49.2648
2.08779 50.7939
2.17131 52.3063
2.25482 53.7854
2.33833 55.2396
2.42184 56.6772
2.50535 58.0899
2.58887 59.4943
2.67238 60.882
2.75589 62.2614
2.8394 63.6326
2.92291 64.9954
3.00642 66.3582
3.08994 67.7127
3.17345 69.0506
3.25696 70.4217
3.34047 71.7762
