0.000000000000000000e+00 3.099079953997700088e+01
1.000000000000000056e-01 3.101070053502675350e+01
2.000000000000000111e-01 3.100075003750187719e+01
2.999999999999999889e-01 3.098084904245212456e+01
4.000000000000000222e-01 3.095099754987749563e+01
5.000000000000000000e-01 3.091119555977799038e+01
5.999999999999999778e-01 3.088134406720336145e+01
6.999999999999999556e-01 3.088134406720336145e+01
8.000000000000000444e-01 3.091119555977799038e+01
9.000000000000000222e-01 3.106045302265113150e+01
1.000000000000000000e+00 3.129926496324816299e+01
1.100000000000000089e+00 3.176693834691734253e+01
1.199999999999999956e+00 3.252317615880794222e+01
1.300000000000000044e+00 3.365753287664383464e+01
1.399999999999999911e+00 3.519985999299964874e+01
1.500000000000000000e+00 3.707055352767638112e+01
1.600000000000000089e+00 3.907060353017651266e+01
1.699999999999999956e+00 4.106070303515176079e+01
1.800000000000000044e+00 4.292144607230361686e+01
1.899999999999999911e+00 4.464288214410720457e+01
2.000000000000000000e+00 4.626481324066203626e+01
2.100000000000000089e+00 4.778723936196809774e+01
2.200000000000000178e+00 4.925991299564977766e+01
2.299999999999999822e+00 5.070273513675683574e+01
2.399999999999999911e+00 5.213560678033901752e+01
2.500000000000000000e+00 5.355852792639633009e+01
2.600000000000000089e+00 5.499139956997849765e+01
2.700000000000000178e+00 5.644417220861043916e+01
2.799999999999999822e+00 5.789694484724236645e+01
2.899999999999999911e+00 5.936961848092403926e+01
3.000000000000000000e+00 6.085224261213060970e+01
