0.000000 27.616323
0.100000 27.616323
0.200000 27.651930
0.300000 27.705341
0.400000 27.829966
0.500000 28.025805
0.600000 28.292859
0.700000 28.702340
0.800000 29.236447
0.900000 30.144429
1.000000 30.749750
1.100000 31.675535
1.200000 32.690338
1.300000 33.758552
1.400000 34.862372
1.500000 36.268854
1.600000 37.105621
1.700000 38.262853
1.800000 39.437888
1.900000 40.630726
2.000000 41.859172
2.100000 43.105421
2.200000 44.369474
2.300000 45.669134
2.400000 46.986597
2.500000 48.321864
2.600000 49.674935
2.700000 51.045809
2.800000 52.434487
2.900000 53.823165
3.000000 55.247930
