0.000000000000000000e+00 2.722044881795271820e+01
1.000000000000000056e-01 2.724180967238689632e+01
2.000000000000000111e-01 2.731657266290651620e+01
2.999999999999999889e-01 2.745897835913436680e+01
4.000000000000000222e-01 2.769750790031601539e+01
5.000000000000000000e-01 2.804640185607424385e+01
5.999999999999999778e-01 2.853770150806032291e+01
6.999999999999999556e-01 2.919276771070842713e+01
8.000000000000000444e-01 3.002584103364134549e+01
9.000000000000000222e-01 3.103692147685907443e+01
1.000000000000000000e+00 3.221888875555022480e+01
1.100000000000000089e+00 3.354682187287491502e+01
1.199999999999999956e+00 3.499579983199328126e+01
1.300000000000000044e+00 3.653378135125404924e+01
1.399999999999999911e+00 3.814652586103444065e+01
1.500000000000000000e+00 3.980555222208888466e+01
1.600000000000000089e+00 4.150018000720029221e+01
1.699999999999999956e+00 4.322328893155726348e+01
1.800000000000000044e+00 4.496775871034841288e+01
1.899999999999999911e+00 4.673002920116805115e+01
2.000000000000000000e+00 4.850298011920476426e+01
2.100000000000000089e+00 5.028661146445858066e+01
2.200000000000000178e+00 5.207736309452378265e+01
2.299999999999999822e+00 5.387879515180608081e+01
2.399999999999999911e+00 5.568378735149406111e+01
2.500000000000000000e+00 5.749589983599344833e+01
2.600000000000000089e+00 5.931157246289851770e+01
2.700000000000000178e+00 6.113080523220928342e+01
2.799999999999999822e+00 6.295715828633145605e+01
2.899999999999999911e+00 6.478351134045362869e+01
3.000000000000000000e+00 6.660986439457578001e+01
