0.000000000000000000e+00 2.678173908695434946e+01
1.000000000000000056e-01 2.683149157457873102e+01
2.000000000000000111e-01 2.681159057952897840e+01
2.999999999999999889e-01 2.684144207210360733e+01
4.000000000000000222e-01 2.684144207210360733e+01
5.000000000000000000e-01 2.700065003250162832e+01
5.999999999999999778e-01 2.717975898794940193e+01
6.999999999999999556e-01 2.745837291864593155e+01
8.000000000000000444e-01 2.793599679983999096e+01
9.000000000000000222e-01 2.851312565628280993e+01
1.000000000000000000e+00 2.936886844342217273e+01
1.100000000000000089e+00 3.044352217610880373e+01
1.199999999999999956e+00 3.171718585929296097e+01
1.300000000000000044e+00 3.312020601030051381e+01
1.399999999999999911e+00 3.459287964398220083e+01
1.500000000000000000e+00 3.608545427271363337e+01
1.600000000000000089e+00 3.758797939896994933e+01
1.699999999999999956e+00 3.909050452522626529e+01
1.800000000000000044e+00 4.058307915395769783e+01
1.899999999999999911e+00 4.208560428021401378e+01
2.000000000000000000e+00 4.357817890894544632e+01
2.100000000000000089e+00 4.508070403520176228e+01
2.200000000000000178e+00 4.658322916145807113e+01
2.299999999999999822e+00 4.808575428771438709e+01
2.399999999999999911e+00 4.959822991149557225e+01
2.500000000000000000e+00 5.112065603280164083e+01
2.600000000000000089e+00 5.264308215410770941e+01
2.700000000000000178e+00 5.416550827541377089e+01
2.799999999999999822e+00 5.572773638681934472e+01
2.899999999999999911e+00 5.720041002050102463e+01
3.000000000000000000e+00 5.935966798339916295e+01
