0.000000000000000000e+00 3.239381969098455016e+01
1.000000000000000056e-01 3.238386919345967385e+01
2.000000000000000111e-01 3.238386919345967385e+01
2.999999999999999889e-01 3.240377018850942648e+01
4.000000000000000222e-01 3.243362168108405541e+01
5.000000000000000000e-01 3.249332466623331328e+01
5.999999999999999778e-01 3.260278013900695271e+01
6.999999999999999556e-01 3.278188909445472632e+01
8.000000000000000444e-01 3.303065153257662701e+01
9.000000000000000222e-01 3.336896844842242160e+01
1.000000000000000000e+00 3.380679033951697932e+01
1.100000000000000089e+00 3.432421621081054042e+01
1.199999999999999956e+00 3.493119655982799543e+01
1.300000000000000044e+00 3.559787989399470121e+01
1.399999999999999911e+00 3.631431571578578854e+01
1.500000000000000000e+00 3.708050402520125743e+01
1.600000000000000089e+00 3.791634581729086761e+01
1.699999999999999956e+00 3.881189059452972856e+01
1.800000000000000044e+00 3.977708885444272369e+01
1.899999999999999911e+00 4.082189109455472931e+01
2.000000000000000000e+00 4.194629731486574542e+01
2.100000000000000089e+00 4.312045602280114309e+01
2.200000000000000178e+00 4.436426821341067495e+01
2.299999999999999822e+00 4.564788239411970494e+01
2.399999999999999911e+00 4.697129856492824729e+01
2.500000000000000000e+00 4.833451672583629488e+01
2.600000000000000089e+00 4.972758637931896430e+01
2.700000000000000178e+00 5.113060653032651715e+01
2.799999999999999822e+00 5.259332966648332786e+01
2.899999999999999911e+00 5.400630031501574990e+01
3.000000000000000000e+00 5.545907295364768430e+01
