# t dE
0.000000000000000000e+00 0.000000000000000000e+00
0.000000000000000000e+00 0.000000000000000000e+00
0.000000000000000000e+00 0.000000000000000000e+00
0.000000000000000000e+00 1.455818000000022039e+01
0.000000000000000000e+00 1.455818000000022039e+01
0.000000000000000000e+00 1.455818000000022039e+01
0.000000000000000000e+00 1.455818000000022039e+01
0.000000000000000000e+00 1.455818000000022039e+01
0.000000000000000000e+00 1.455818000000022039e+01
0.000000000000000000e+00 1.455818000000022039e+01
0.000000000000000000e+00 1.455818000000022039e+01
0.000000000000000000e+00 1.455818000000022039e+01
0.000000000000000000e+00 1.455818000000022039e+01
0.000000000000000000e+00 1.455818000000022039e+01
0.000000000000000000e+00 1.455818000000022039e+01
0.000000000000000000e+00 1.455818000000022039e+01
0.000000000000000000e+00 1.455818000000022039e+01
0.000000000000000000e+00 1.455818000000022039e+01
0.000000000000000000e+00 1.455818000000022039e+01
0.000000000000000000e+00 1.455818000000022039e+01
0.000000000000000000e+00 1.455818000000022039e+01
0.000000000000000000e+00 1.455818000000022039e+01
0.000000000000000000e+00 1.455818000000022039e+01
0.000000000000000000e+00 1.455818000000022039e+01
0.000000000000000000e+00 1.455818000000022039e+01
0.000000000000000000e+00 1.455818000000022039e+01
0.000000000000000000e+00 1.455818000000022039e+01
1.000000000000000056e-01 0.000000000000000000e+00
1.000000000000000056e-01 1.273292582482099533e-11
1.000000000000000056e-01 7.048583938740193844e-11
1.000000000000000056e-01 1.454102248092522132e+01
1.000000000000000056e-01 1.454102248092522132e+01
1.000000000000000056e-01 1.454102257286717759e+01
1.000000000000000056e-01 1.454102439680855241e+01
1.000000000000000056e-01 1.454102439680855241e+01
1.000000000000000056e-01 1.454102448880394149e+01
1.000000000000000056e-01 1.454102448880394149e+01
1.000000000000000056e-01 1.454102448913567969e+01
1.000000000000000056e-01 1.454102448915728019e+01
1.000000000000000056e-01 1.454102636121797332e+01
1.000000000000000056e-01 1.454102636122252079e+01
1.000000000000000056e-01 1.454102645367447622e+01
1.000000000000000056e-01 1.454948998402210236e+01
1.000000000000000056e-01 1.454948998402210236e+01
1.000000000000000056e-01 1.454949000069836984e+01
1.000000000000000056e-01 1.454949000069836984e+01
1.000000000000000056e-01 1.454949000074498144e+01
1.000000000000000056e-01 1.454949000074498144e+01
1.000000000000000056e-01 1.454949007715936204e+01
1.000000000000000056e-01 1.454949007716459164e+01
1.000000000000000056e-01 1.454949007716459164e+01
1.000000000000000056e-01 1.454949007716982123e+01
1.000000000000000056e-01 1.454949009372762703e+01
1.000000000000000056e-01 1.454949009375059177e+01
2.000000000000000111e-01 0.000000000000000000e+00
2.000000000000000111e-01 1.728039933368563652e-11
2.000000000000000111e-01 1.984972186619415879e-10
2.000000000000000111e-01 1.448640447030425094e+01
2.000000000000000111e-01 1.448640447030425094e+01
2.000000000000000111e-01 1.448640745655279716e+01
2.000000000000000111e-01 1.448643856747935388e+01
2.000000000000000111e-01 1.448643856747935388e+01
2.000000000000000111e-01 1.448644155082024554e+01
2.000000000000000111e-01 1.448644155082024554e+01
2.000000000000000111e-01 1.448644157312469360e+01
2.000000000000000111e-01 1.448644157312492098e+01
2.000000000000000111e-01 1.448647440205900239e+01
2.000000000000000111e-01 1.448647440207378168e+01
2.000000000000000111e-01 1.448647742752905287e+01
2.000000000000000111e-01 1.452385992247582180e+01
2.000000000000000111e-01 1.452385992247582180e+01
2.000000000000000111e-01 1.452386085090711276e+01
2.000000000000000111e-01 1.452386085090711276e+01
2.000000000000000111e-01 1.452386085095918133e+01
2.000000000000000111e-01 1.452386085095918133e+01
2.000000000000000111e-01 1.452386302712693578e+01
2.000000000000000111e-01 1.452386302712693578e+01
2.000000000000000111e-01 1.452386302712852739e+01
2.000000000000000111e-01 1.452386302712852739e+01
2.000000000000000111e-01 1.452386394948985071e+01
2.000000000000000111e-01 1.452386394949508031e+01
2.999999999999999889e-01 0.000000000000000000e+00
2.999999999999999889e-01 2.296474121976643801e-11
2.999999999999999889e-01 5.094307198305614293e-09
2.999999999999999889e-01 1.439067431035505251e+01
2.999999999999999889e-01 1.439067431035505251e+01
2.999999999999999889e-01 1.439069724501064229e+01
2.999999999999999889e-01 1.439085987490921070e+01
2.999999999999999889e-01 1.439085987492580898e+01
2.999999999999999889e-01 1.439088258473589121e+01
2.999999999999999889e-01 1.439088258473589121e+01
2.999999999999999889e-01 1.439088281615249798e+01
2.999999999999999889e-01 1.439088281618478504e+01
2.999999999999999889e-01 1.439105887552705099e+01
2.999999999999999889e-01 1.439105887555365371e+01
2.999999999999999889e-01 1.439108222575760010e+01
2.999999999999999889e-01 1.448198177042536372e+01
2.999999999999999889e-01 1.448198177042536372e+01
2.999999999999999889e-01 1.448199013428688886e+01
2.999999999999999889e-01 1.448199013428688886e+01
2.999999999999999889e-01 1.448199013429507431e+01
2.999999999999999889e-01 1.448199013429507431e+01
2.999999999999999889e-01 1.448200640268169082e+01
2.999999999999999889e-01 1.448200640268169082e+01
2.999999999999999889e-01 1.448200640271466000e+01
2.999999999999999889e-01 1.448200640271466000e+01
2.999999999999999889e-01 1.448201473974199871e+01
2.999999999999999889e-01 1.448201473974722830e+01
4.000000000000000222e-01 0.000000000000000000e+00
4.000000000000000222e-01 4.774847184307873249e-12
4.000000000000000222e-01 5.336642061593011022e-08
4.000000000000000222e-01 1.425229814612271184e+01
4.000000000000000222e-01 1.425229814612271184e+01
4.000000000000000222e-01 1.425239554557674637e+01
4.000000000000000222e-01 1.425290503923065444e+01
4.000000000000000222e-01 1.425290503923065444e+01
4.000000000000000222e-01 1.425299996638682387e+01
4.000000000000000222e-01 1.425299996639796518e+01
4.000000000000000222e-01 1.425300110552529986e+01
4.000000000000000222e-01 1.425300110553735067e+01
4.000000000000000222e-01 1.425356750509513404e+01
4.000000000000000222e-01 1.425356750510923121e+01
4.000000000000000222e-01 1.425366702680344133e+01
4.000000000000000222e-01 1.442461084795718307e+01
4.000000000000000222e-01 1.442461084795718307e+01
4.000000000000000222e-01 1.442464972827269776e+01
4.000000000000000222e-01 1.442464972827269776e+01
4.000000000000000222e-01 1.442464972828906866e+01
4.000000000000000222e-01 1.442464972828906866e+01
4.000000000000000222e-01 1.442471960798820874e+01
4.000000000000000222e-01 1.442471960798820874e+01
4.000000000000000222e-01 1.442471960801390196e+01
4.000000000000000222e-01 1.442471960801390196e+01
4.000000000000000222e-01 1.442475863562276572e+01
4.000000000000000222e-01 1.442475863563640814e+01
5.000000000000000000e-01 0.000000000000000000e+00
5.000000000000000000e-01 7.730704965069890022e-12
5.000000000000000000e-01 3.327145350340288132e-07
5.000000000000000000e-01 1.407235992647861167e+01
5.000000000000000000e-01 1.407235992647861167e+01
5.000000000000000000e-01 1.407265896645662906e+01
5.000000000000000000e-01 1.407383520552411937e+01
5.000000000000000000e-01 1.407383520556072654e+01
5.000000000000000000e-01 1.407411999089413257e+01
5.000000000000000000e-01 1.407411999089413257e+01
5.000000000000000000e-01 1.407412366085100075e+01
5.000000000000000000e-01 1.407412366086077782e+01
5.000000000000000000e-01 1.407547275467481995e+01
5.000000000000000000e-01 1.407547275467732106e+01
5.000000000000000000e-01 1.407577901031891088e+01
5.000000000000000000e-01 1.435257852913332499e+01
5.000000000000000000e-01 1.435257852913332499e+01
5.000000000000000000e-01 1.435270547806794639e+01
5.000000000000000000e-01 1.435270547806794639e+01
5.000000000000000000e-01 1.435270547808931951e+01
5.000000000000000000e-01 1.435270547808931951e+01
5.000000000000000000e-01 1.435292713372791695e+01
5.000000000000000000e-01 1.435292713373132756e+01
5.000000000000000000e-01 1.435292713375611129e+01
5.000000000000000000e-01 1.435292713375611129e+01
5.000000000000000000e-01 1.435305600427523132e+01
5.000000000000000000e-01 1.435305600431365747e+01
5.999999999999999778e-01 0.000000000000000000e+00
5.999999999999999778e-01 3.274180926382541656e-11
5.999999999999999778e-01 1.488616589995217510e-06
5.999999999999999778e-01 1.385440600869446826e+01
5.999999999999999778e-01 1.385440600871766037e+01
5.999999999999999778e-01 1.385515454109963684e+01
5.999999999999999778e-01 1.385734551274367732e+01
5.999999999999999778e-01 1.385734551274367732e+01
5.999999999999999778e-01 1.385803739705397675e+01
5.999999999999999778e-01 1.385803739707921522e+01
5.999999999999999778e-01 1.385804635530689666e+01
5.999999999999999778e-01 1.385804635534668705e+01
5.999999999999999778e-01 1.386066330603534880e+01
5.999999999999999778e-01 1.386066330604285213e+01
5.999999999999999778e-01 1.386143076328357893e+01
5.999999999999999778e-01 1.426678073559401128e+01
5.999999999999999778e-01 1.426678073559401128e+01
5.999999999999999778e-01 1.426711251990354867e+01
5.999999999999999778e-01 1.426711251990354867e+01
5.999999999999999778e-01 1.426711251993810947e+01
5.999999999999999778e-01 1.426711251993810947e+01
5.999999999999999778e-01 1.426769360415096344e+01
5.999999999999999778e-01 1.426769360415778465e+01
5.999999999999999778e-01 1.426769360415778465e+01
5.999999999999999778e-01 1.426769360418302313e+01
5.999999999999999778e-01 1.426803590251029163e+01
5.999999999999999778e-01 1.426803590251188325e+01
6.999999999999999556e-01 0.000000000000000000e+00
6.999999999999999556e-01 1.136868377216160297e-12
6.999999999999999556e-01 5.287561634759185836e-06
6.999999999999999556e-01 1.360371552159017483e+01
6.999999999999999556e-01 1.360371552159017483e+01
6.999999999999999556e-01 1.360534441554409568e+01
6.999999999999999556e-01 1.360879259235935024e+01
6.999999999999999556e-01 1.360879259237094629e+01
6.999999999999999556e-01 1.361024588274517555e+01
6.999999999999999556e-01 1.361024588274517555e+01
6.999999999999999556e-01 1.361026386538765109e+01
6.999999999999999556e-01 1.361026386538833322e+01
6.999999999999999556e-01 1.361462095062483968e+01
6.999999999999999556e-01 1.361462095062688604e+01
6.999999999999999556e-01 1.361629140489094425e+01
6.999999999999999556e-01 1.416813616496074246e+01
6.999999999999999556e-01 1.416813616496074246e+01
6.999999999999999556e-01 1.416887899984635624e+01
6.999999999999999556e-01 1.416887899987455057e+01
6.999999999999999556e-01 1.416887899987750643e+01
6.999999999999999556e-01 1.416887899989933430e+01
6.999999999999999556e-01 1.417021584812073343e+01
6.999999999999999556e-01 1.417021584814938251e+01
6.999999999999999556e-01 1.417021584814938251e+01
6.999999999999999556e-01 1.417021584815711321e+01
6.999999999999999556e-01 1.417099920732130158e+01
6.999999999999999556e-01 1.417099920735199703e+01
8.000000000000000444e-01 0.000000000000000000e+00
8.000000000000000444e-01 3.160494088660925627e-11
8.000000000000000444e-01 1.583593666509841569e-05
8.000000000000000444e-01 1.332635766204384709e+01
8.000000000000000444e-01 1.332635766204384709e+01
8.000000000000000444e-01 1.332955844969751524e+01
8.000000000000000444e-01 1.333424240698718677e+01
8.000000000000000444e-01 1.333424240698718677e+01
8.000000000000000444e-01 1.333698782310989372e+01
8.000000000000000444e-01 1.333698782310989372e+01
8.000000000000000444e-01 1.333701911589446354e+01
8.000000000000000444e-01 1.333701911589514566e+01
8.000000000000000444e-01 1.334344657837277737e+01
8.000000000000000444e-01 1.334344657841415938e+01
8.000000000000000444e-01 1.334672789233309231e+01
8.000000000000000444e-01 1.405751252892764569e+01
8.000000000000000444e-01 1.405751252892764569e+01
8.000000000000000444e-01 1.405899495210769601e+01
8.000000000000000444e-01 1.405899495213543560e+01
8.000000000000000444e-01 1.405899495213839145e+01
8.000000000000000444e-01 1.405899495214771378e+01
8.000000000000000444e-01 1.406179160119131666e+01
8.000000000000000444e-01 1.406179160119131666e+01
8.000000000000000444e-01 1.406179160119472726e+01
8.000000000000000444e-01 1.406179160120973393e+01
8.000000000000000444e-01 1.406340043544037144e+01
8.000000000000000444e-01 1.406340043544628315e+01
9.000000000000000222e-01 0.000000000000000000e+00
9.000000000000000222e-01 3.865352482534945011e-12
9.000000000000000222e-01 4.156990917181246914e-05
9.000000000000000222e-01 1.302838973071834516e+01
9.000000000000000222e-01 1.302838973074267415e+01
9.000000000000000222e-01 1.303420667098248487e+01
9.000000000000000222e-01 1.303968883184666083e+01
9.000000000000000222e-01 1.303968883184666083e+01
9.000000000000000222e-01 1.304447320319877690e+01
9.000000000000000222e-01 1.304447320319877690e+01
9.000000000000000222e-01 1.304452222331474331e+01
9.000000000000000222e-01 1.304452222333725331e+01
9.000000000000000222e-01 1.305308230376203937e+01
9.000000000000000222e-01 1.305308230377727341e+01
9.000000000000000222e-01 1.305904207162075181e+01
9.000000000000000222e-01 1.393562280106743856e+01
9.000000000000000222e-01 1.393562280107744300e+01
9.000000000000000222e-01 1.393832610162962737e+01
9.000000000000000222e-01 1.393832610162962737e+01
9.000000000000000222e-01 1.393832610164417929e+01
9.000000000000000222e-01 1.393832610166987251e+01
9.000000000000000222e-01 1.394376814120141717e+01
9.000000000000000222e-01 1.394376814120141717e+01
9.000000000000000222e-01 1.394376814120914787e+01
9.000000000000000222e-01 1.394376814120914787e+01
9.000000000000000222e-01 1.394681237522081574e+01
9.000000000000000222e-01 1.394681237522695483e+01
1.100000000000000089e+00 0.000000000000000000e+00
1.100000000000000089e+00 7.275957614183425903e-12
1.100000000000000089e+00 2.127822169768478489e-04
1.100000000000000089e+00 1.239204773593996833e+01
1.100000000000000089e+00 1.239204773594792641e+01
1.100000000000000089e+00 1.240816375358394907e+01
1.100000000000000089e+00 1.241164860624485300e+01
1.100000000000000089e+00 1.241164860624485300e+01
1.100000000000000089e+00 1.242379677611756961e+01
1.100000000000000089e+00 1.242379677611756961e+01
1.100000000000000089e+00 1.242389510565385535e+01
1.100000000000000089e+00 1.242389510566681565e+01
1.100000000000000089e+00 1.243529666416907276e+01
1.100000000000000089e+00 1.243529666417134649e+01
1.100000000000000089e+00 1.245179493199793797e+01
1.100000000000000089e+00 1.365933106547959142e+01
1.100000000000000089e+00 1.365933106547959142e+01
1.100000000000000089e+00 1.366659801661762685e+01
1.100000000000000089e+00 1.366659801661762685e+01
1.100000000000000089e+00 1.366659801665218765e+01
1.100000000000000089e+00 1.366659801665218765e+01
1.100000000000000089e+00 1.368415705724055442e+01
1.100000000000000089e+00 1.368415705724055442e+01
1.100000000000000089e+00 1.368415705724919462e+01
1.100000000000000089e+00 1.368415705724919462e+01
1.100000000000000089e+00 1.369327261771036319e+01
1.100000000000000089e+00 1.369327261772491511e+01
1.199999999999999956e+00 0.000000000000000000e+00
1.199999999999999956e+00 3.706190909724682570e-11
1.199999999999999956e+00 4.287382357688329648e-04
1.199999999999999956e+00 1.206248780303371859e+01
1.199999999999999956e+00 1.206248780303371859e+01
1.199999999999999956e+00 1.208685669877604596e+01
1.199999999999999956e+00 1.208685669877604596e+01
1.199999999999999956e+00 1.208752897170211327e+01
1.199999999999999956e+00 1.210492123382732643e+01
1.199999999999999956e+00 1.210492123382732643e+01
1.199999999999999956e+00 1.210505321163941517e+01
1.199999999999999956e+00 1.210505321165123860e+01
1.199999999999999956e+00 1.211613140254053178e+01
1.199999999999999956e+00 1.211613140259055399e+01
1.199999999999999956e+00 1.214177028118501767e+01
1.199999999999999956e+00 1.350434116915016602e+01
1.199999999999999956e+00 1.350434116915016602e+01
1.199999999999999956e+00 1.351521019305187110e+01
1.199999999999999956e+00 1.351521019305187110e+01
1.199999999999999956e+00 1.351521019306164817e+01
1.199999999999999956e+00 1.351521019306164817e+01
1.199999999999999956e+00 1.354488359101310380e+01
1.199999999999999956e+00 1.354488359101446804e+01
1.199999999999999956e+00 1.354488359101446804e+01
1.199999999999999956e+00 1.354488359102629147e+01
1.199999999999999956e+00 1.355963633633268728e+01
1.199999999999999956e+00 1.355963633633996324e+01
1.300000000000000044e+00 0.000000000000000000e+00
1.300000000000000044e+00 3.251443558838218451e-11
1.300000000000000044e+00 8.119287103909300640e-04
1.300000000000000044e+00 1.172995562315441020e+01
1.300000000000000044e+00 1.172995562315441020e+01
1.300000000000000044e+00 1.175951556461791370e+01
1.300000000000000044e+00 1.175951556461791370e+01
1.300000000000000044e+00 1.176744698287257052e+01
1.300000000000000044e+00 1.178540339150481486e+01
1.300000000000000044e+00 1.178540339150481486e+01
1.300000000000000044e+00 1.178557877690082023e+01
1.300000000000000044e+00 1.178557877690150235e+01
1.300000000000000044e+00 1.179434963966855321e+01
1.300000000000000044e+00 1.179434963969197270e+01
1.300000000000000044e+00 1.183276081113490363e+01
1.300000000000000044e+00 1.333661734976885782e+01
1.300000000000000044e+00 1.333661734980569236e+01
1.300000000000000044e+00 1.335192144705456485e+01
1.300000000000000044e+00 1.335192144705456485e+01
1.300000000000000044e+00 1.335192144706161343e+01
1.300000000000000044e+00 1.335192144706161343e+01
1.300000000000000044e+00 1.340048824234372660e+01
1.300000000000000044e+00 1.340048824234372660e+01
1.300000000000000044e+00 1.340048824235668690e+01
1.300000000000000044e+00 1.340048824236532710e+01
1.300000000000000044e+00 1.342355933691442260e+01
1.300000000000000044e+00 1.342355933693261250e+01
1.399999999999999911e+00 0.000000000000000000e+00
1.399999999999999911e+00 1.455191522836685181e-11
1.399999999999999911e+00 1.457132097812063876e-03
1.399999999999999911e+00 1.139708796901936694e+01
1.399999999999999911e+00 1.139708796901936694e+01
1.399999999999999911e+00 1.143237173878128488e+01
1.399999999999999911e+00 1.143237173880061164e+01
1.399999999999999911e+00 1.145143419205101054e+01
1.399999999999999911e+00 1.146829790013202910e+01
1.399999999999999911e+00 1.146829790015658546e+01
1.399999999999999911e+00 1.146853176999752577e+01
1.399999999999999911e+00 1.146853177002503799e+01
1.399999999999999911e+00 1.147230343758951676e+01
1.399999999999999911e+00 1.147230343761702898e+01
1.399999999999999911e+00 1.152804865417806468e+01
1.399999999999999911e+00 1.315404820334310898e+01
1.399999999999999911e+00 1.315404820334310898e+01
1.399999999999999911e+00 1.317417463489232432e+01
1.399999999999999911e+00 1.317417463489232432e+01
1.399999999999999911e+00 1.317417463490073715e+01
1.399999999999999911e+00 1.317417463490073715e+01
1.399999999999999911e+00 1.325149384209294112e+01
1.399999999999999911e+00 1.325149384209294112e+01
1.399999999999999911e+00 1.325149384209726122e+01
1.399999999999999911e+00 1.325149384209726122e+01
1.399999999999999911e+00 1.328654519850147153e+01
1.399999999999999911e+00 1.328654519851943405e+01
1.500000000000000000e+00 0.000000000000000000e+00
1.500000000000000000e+00 2.773958840407431126e-11
1.500000000000000000e+00 2.494548961294640321e-03
1.500000000000000000e+00 1.106596727442820338e+01
1.500000000000000000e+00 1.106596727443047712e+01
1.500000000000000000e+00 1.110771889572538385e+01
1.500000000000000000e+00 1.110771889572538385e+01
1.500000000000000000e+00 1.114253770265327148e+01
1.500000000000000000e+00 1.115180143626139397e+01
1.500000000000000000e+00 1.115180143630254861e+01
1.500000000000000000e+00 1.115618318430756517e+01
1.500000000000000000e+00 1.115618318433416789e+01
1.500000000000000000e+00 1.115649820049225127e+01
1.500000000000000000e+00 1.115649820052203722e+01
1.500000000000000000e+00 1.123047600923837308e+01
1.500000000000000000e+00 1.295377941236961306e+01
1.500000000000000000e+00 1.295377941236961306e+01
1.500000000000000000e+00 1.297801075236679935e+01
1.500000000000000000e+00 1.297801075236679935e+01
1.500000000000000000e+00 1.297801075238749036e+01
1.500000000000000000e+00 1.297801075238749036e+01
1.500000000000000000e+00 1.309805742016737895e+01
1.500000000000000000e+00 1.309805742016737895e+01
1.500000000000000000e+00 1.309805742018647834e+01
1.500000000000000000e+00 1.309805742018647834e+01
1.500000000000000000e+00 1.314999977979641699e+01
1.500000000000000000e+00 1.314999977981710799e+01
1.500000000000000000e+00 1.497463437953956600e+01
1.500000000000000000e+00 1.497463437954866095e+01
1.500000000000000000e+00 1.499729735397590957e+01
1.600000000000000089e+00 0.000000000000000000e+00
1.600000000000000089e+00 7.048583938740193844e-12
1.600000000000000089e+00 4.095580581179092405e-03
1.600000000000000089e+00 1.073820321015182344e+01
1.600000000000000089e+00 1.073820321015182344e+01
1.600000000000000089e+00 1.078749231106257866e+01
1.600000000000000089e+00 1.078749231106257866e+01
1.600000000000000089e+00 1.083419113037371062e+01
1.600000000000000089e+00 1.083419113039349213e+01
1.600000000000000089e+00 1.084340284723361947e+01
1.600000000000000089e+00 1.085124008123443673e+01
1.600000000000000089e+00 1.085124008123443673e+01
1.600000000000000089e+00 1.085166869917884469e+01
1.600000000000000089e+00 1.085166869920658428e+01
1.600000000000000089e+00 1.094251524768651507e+01
1.600000000000000089e+00 1.273252821546839186e+01
1.600000000000000089e+00 1.273252821549954206e+01
1.600000000000000089e+00 1.275803344522410043e+01
1.600000000000000089e+00 1.275803344526138972e+01
1.600000000000000089e+00 1.275803344527867011e+01
1.600000000000000089e+00 1.275803344527867011e+01
1.600000000000000089e+00 1.293993408222809194e+01
1.600000000000000089e+00 1.293993408222809194e+01
1.600000000000000089e+00 1.293993408223514052e+01
1.600000000000000089e+00 1.293993408223514052e+01
1.600000000000000089e+00 1.301522956289613830e+01
1.600000000000000089e+00 1.301522956289954891e+01
1.600000000000000089e+00 1.439420592566693813e+01
1.600000000000000089e+00 1.439420592566693813e+01
1.600000000000000089e+00 1.446597863218653401e+01
1.600000000000000089e+00 1.447379723907238258e+01
1.600000000000000089e+00 1.447379723909898530e+01
1.600000000000000089e+00 1.451068829161022222e+01
1.600000000000000089e+00 1.451068829161022222e+01
1.600000000000000089e+00 1.454482792966018678e+01
1.600000000000000089e+00 1.454482792968474314e+01
1.699999999999999956e+00 0.000000000000000000e+00
1.699999999999999956e+00 1.682565198279917240e-11
1.699999999999999956e+00 6.477119078226678539e-03
1.699999999999999956e+00 1.041500157211225996e+01
1.699999999999999956e+00 1.041500157211225996e+01
1.699999999999999956e+00 1.047334619531375210e+01
1.699999999999999956e+00 1.047334619531375210e+01
1.699999999999999956e+00 1.052042773449784363e+01
1.699999999999999956e+00 1.052042773451694302e+01
1.699999999999999956e+00 1.055531531559927316e+01
1.699999999999999956e+00 1.055531531561905467e+01
1.699999999999999956e+00 1.055590171161452417e+01
1.699999999999999956e+00 1.055590171169274072e+01
1.699999999999999956e+00 1.055632682273221690e+01
1.699999999999999956e+00 1.066632252304248141e+01
1.699999999999999956e+00 1.248725694732866032e+01
1.699999999999999956e+00 1.248725694734298486e+01
1.699999999999999956e+00 1.250788872340422131e+01
1.699999999999999956e+00 1.250788872340422131e+01
1.699999999999999956e+00 1.250788872342013747e+01
1.699999999999999956e+00 1.250788872342013747e+01
1.699999999999999956e+00 1.277647686427917506e+01
1.699999999999999956e+00 1.277647686429168061e+01
1.699999999999999956e+00 1.277647686429168061e+01
1.699999999999999956e+00 1.277647686431510010e+01
1.699999999999999956e+00 1.288344997651961421e+01
1.699999999999999956e+00 1.288344997655531188e+01
1.699999999999999956e+00 1.382862435930246647e+01
1.699999999999999956e+00 1.382862435930246647e+01
1.699999999999999956e+00 1.394451012275749235e+01
1.699999999999999956e+00 1.394451012277136215e+01
1.699999999999999956e+00 1.395523288408753615e+01
1.699999999999999956e+00 1.395985959165454915e+01
1.699999999999999956e+00 1.395985959165454915e+01
1.699999999999999956e+00 1.400241982730199197e+01
1.699999999999999956e+00 1.400241982732586621e+01
1.699999999999999956e+00 1.465932296522669276e+01
1.699999999999999956e+00 1.465932296524260892e+01
1.699999999999999956e+00 1.497701773995595431e+01
1.699999999999999956e+00 1.497701773995595431e+01
1.699999999999999956e+00 1.497701773995959229e+01
1.699999999999999956e+00 1.497701773995959229e+01
1.800000000000000044e+00 0.000000000000000000e+00
1.800000000000000044e+00 1.955413608811795712e-11
1.800000000000000044e+00 9.903587853159478982e-03
1.800000000000000044e+00 1.009722206455830928e+01
1.800000000000000044e+00 1.009722206455830928e+01
1.800000000000000044e+00 1.016671407175363129e+01
1.800000000000000044e+00 1.016671407176772846e+01
1.800000000000000044e+00 1.021113290173821042e+01
1.800000000000000044e+00 1.021113290174253052e+01
1.800000000000000044e+00 1.026997110211732434e+01
1.800000000000000044e+00 1.026997110211732434e+01
1.800000000000000044e+00 1.027077264938725421e+01
1.800000000000000044e+00 1.027077264938839107e+01
1.800000000000000044e+00 1.028329997481682767e+01
1.800000000000000044e+00 1.040377739164682680e+01
1.800000000000000044e+00 1.221616387208814558e+01
1.800000000000000044e+00 1.221616387208814558e+01
1.800000000000000044e+00 1.222164198852578920e+01
1.800000000000000044e+00 1.222164198852578920e+01
1.800000000000000044e+00 1.222164198854920869e+01
1.800000000000000044e+00 1.222164198854920869e+01
1.800000000000000044e+00 1.260669796528236475e+01
1.800000000000000044e+00 1.260669796528236475e+01
1.800000000000000044e+00 1.260669796529282394e+01
1.800000000000000044e+00 1.260669796529464293e+01
1.800000000000000044e+00 1.275580118099105675e+01
1.800000000000000044e+00 1.275580118101265725e+01
1.800000000000000044e+00 1.327965296272486739e+01
1.800000000000000044e+00 1.327965296272486739e+01
1.800000000000000044e+00 1.342663551003511202e+01
1.800000000000000044e+00 1.342663551004807232e+01
1.800000000000000044e+00 1.343601264696917497e+01
1.800000000000000044e+00 1.343601264697076658e+01
1.800000000000000044e+00 1.346731438794267888e+01
1.800000000000000044e+00 1.347334678285164955e+01
1.800000000000000044e+00 1.347334678287757015e+01
1.800000000000000044e+00 1.420399937309343841e+01
1.800000000000000044e+00 1.420399937309343841e+01
1.800000000000000044e+00 1.451267094165655180e+01
1.800000000000000044e+00 1.451267094165655180e+01
1.800000000000000044e+00 1.451267094166701099e+01
1.800000000000000044e+00 1.451267094166701099e+01
1.800000000000000044e+00 1.472737090307919061e+01
1.800000000000000044e+00 1.476701743782018639e+01
1.800000000000000044e+00 1.476701743785338294e+01
1.899999999999999911e+00 0.000000000000000000e+00
1.899999999999999911e+00 2.501110429875552654e-11
1.899999999999999911e+00 1.468607663241527916e-02
1.899999999999999911e+00 9.785428649137202228e+00
1.899999999999999911e+00 9.785428649137202228e+00
1.899999999999999911e+00 9.868853989684794215e+00
1.899999999999999911e+00 9.868853989684794215e+00
1.899999999999999911e+00 9.906648311853814448e+00
1.899999999999999911e+00 9.906648311864728385e+00
1.899999999999999911e+00 9.996523388224659357e+00
1.899999999999999911e+00 9.996523388224659357e+00
1.899999999999999911e+00 9.997611580592547398e+00
1.899999999999999911e+00 9.997611580614830018e+00
1.899999999999999911e+00 1.002603744935117902e+01
1.899999999999999911e+00 1.015651179835253970e+01
1.899999999999999911e+00 1.189602122798055461e+01
1.899999999999999911e+00 1.189602122798055461e+01
1.899999999999999911e+00 1.189602122798305572e+01
1.899999999999999911e+00 1.189602122798305572e+01
1.899999999999999911e+00 1.191966138166048950e+01
1.899999999999999911e+00 1.191966138167390454e+01
1.899999999999999911e+00 1.242942448886606144e+01
1.899999999999999911e+00 1.242942448886606144e+01
1.899999999999999911e+00 1.242942448888356921e+01
1.899999999999999911e+00 1.242942448888356921e+01
1.899999999999999911e+00 1.263336818577136000e+01
1.899999999999999911e+00 1.263336818577454324e+01
1.899999999999999911e+00 1.274874762802096484e+01
1.899999999999999911e+00 1.274874762802096484e+01
1.899999999999999911e+00 1.291276139140427404e+01
1.899999999999999911e+00 1.291276139140427404e+01
1.899999999999999911e+00 1.294966424096014634e+01
1.899999999999999911e+00 1.294966424096674018e+01
1.899999999999999911e+00 1.295860258612128746e+01
1.899999999999999911e+00 1.295860258618813532e+01
1.899999999999999911e+00 1.300391887864293494e+01
1.899999999999999911e+00 1.376961968699060890e+01
1.899999999999999911e+00 1.376961968699060890e+01
1.899999999999999911e+00 1.406572790288555552e+01
1.899999999999999911e+00 1.406572790288555552e+01
1.899999999999999911e+00 1.406572790290761077e+01
1.899999999999999911e+00 1.406572790290761077e+01
1.899999999999999911e+00 1.419358835495313542e+01
1.899999999999999911e+00 1.419358835495336280e+01
1.899999999999999911e+00 1.436277165664319000e+01
1.899999999999999911e+00 1.474633698991146957e+01
1.899999999999999911e+00 1.474633698991942765e+01
1.899999999999999911e+00 1.497711757901083729e+01
1.899999999999999911e+00 1.497711757901083729e+01
1.899999999999999911e+00 1.497711757904244223e+01
1.899999999999999911e+00 1.497711757904244223e+01
2.000000000000000000e+00 0.000000000000000000e+00
2.000000000000000000e+00 2.955857780762016773e-11
2.000000000000000000e+00 2.117810962317889789e-02
2.000000000000000000e+00 9.479936797097707313e+00
2.000000000000000000e+00 9.479936797109758118e+00
2.000000000000000000e+00 9.580880800919430840e+00
2.000000000000000000e+00 9.580880800919430840e+00
2.000000000000000000e+00 9.607089502432700101e+00
2.000000000000000000e+00 9.607089502495227862e+00
2.000000000000000000e+00 9.736071255657861911e+00
2.000000000000000000e+00 9.736071255657861911e+00
2.000000000000000000e+00 9.737532046152864496e+00
2.000000000000000000e+00 9.737532046181058831e+00
2.000000000000000000e+00 9.786003788582775087e+00
2.000000000000000000e+00 9.925931451522956195e+00
2.000000000000000000e+00 1.153246031162007057e+01
2.000000000000000000e+00 1.153246031162007057e+01
2.000000000000000000e+00 1.153246031162757390e+01
2.000000000000000000e+00 1.153246031162757390e+01
2.000000000000000000e+00 1.160081168685633202e+01
2.000000000000000000e+00 1.160081168685633202e+01
2.000000000000000000e+00 1.223708991633429832e+01
2.000000000000000000e+00 1.223708991635817256e+01
2.000000000000000000e+00 1.224357504920544670e+01
2.000000000000000000e+00 1.224357504920999418e+01
2.000000000000000000e+00 1.224357504920999418e+01
2.000000000000000000e+00 1.224357504922704720e+01
2.000000000000000000e+00 1.241965730000924850e+01
2.000000000000000000e+00 1.241965730000924850e+01
2.000000000000000000e+00 1.245812358808893805e+01
2.000000000000000000e+00 1.245812358812054299e+01
2.000000000000000000e+00 1.248650089349757764e+01
2.000000000000000000e+00 1.248650089351235692e+01
2.000000000000000000e+00 1.251720173753551535e+01
2.000000000000000000e+00 1.251720173753597010e+01
2.000000000000000000e+00 1.256633376795002732e+01
2.000000000000000000e+00 1.335739032485139433e+01
2.000000000000000000e+00 1.335739032485139433e+01
2.000000000000000000e+00 1.363344159668395150e+01
2.000000000000000000e+00 1.363344159668395150e+01
2.000000000000000000e+00 1.363344159669304645e+01
2.000000000000000000e+00 1.363344159669304645e+01
2.000000000000000000e+00 1.363602448209599061e+01
2.000000000000000000e+00 1.363602448212486706e+01
2.000000000000000000e+00 1.402506256117976591e+01
2.000000000000000000e+00 1.437058967968891920e+01
2.000000000000000000e+00 1.437058967968891920e+01
2.000000000000000000e+00 1.463312655172103405e+01
2.000000000000000000e+00 1.463312655172990162e+01
2.000000000000000000e+00 1.463312655172990162e+01
2.000000000000000000e+00 1.463312655173376697e+01
2.000000000000000000e+00 1.464746231626440931e+01
2.000000000000000000e+00 1.493847294619490640e+01
2.000000000000000000e+00 1.493847294622173649e+01
2.000000000000000000e+00 1.498913804264088867e+01
2.000000000000000000e+00 1.498913804264088867e+01
2.100000000000000089e+00 0.000000000000000000e+00
2.100000000000000089e+00 3.410605131648480892e-12
2.100000000000000089e+00 2.976784424799916451e-02
2.100000000000000089e+00 9.180861790638573439e+00
2.100000000000000089e+00 9.180861790638573439e+00
2.100000000000000089e+00 9.303787704116302848e+00
2.100000000000000089e+00 9.303787704116302848e+00
2.100000000000000089e+00 9.312404626744637426e+00
2.100000000000000089e+00 9.312404626784200445e+00
2.100000000000000089e+00 9.489519562988334656e+00
2.100000000000000089e+00 9.489519562988334656e+00
2.100000000000000089e+00 9.491453139700752217e+00
2.100000000000000089e+00 9.491453139711211406e+00
2.100000000000000089e+00 9.564432457198108750e+00
2.100000000000000089e+00 9.713231900075697922e+00
2.100000000000000089e+00 1.113733776760091132e+01
2.100000000000000089e+00 1.113733776760091132e+01
2.100000000000000089e+00 1.113733776762205707e+01
2.100000000000000089e+00 1.113733776762205707e+01
2.100000000000000089e+00 1.126490925693406098e+01
2.100000000000000089e+00 1.126490925693406098e+01
2.100000000000000089e+00 1.174561569023421725e+01
2.100000000000000089e+00 1.174561569023421725e+01
2.100000000000000089e+00 1.194846076555313630e+01
2.100000000000000089e+00 1.194846076555313630e+01
2.100000000000000089e+00 1.197092522702382666e+01
2.100000000000000089e+00 1.197092522702951101e+01
2.100000000000000089e+00 1.204728468775169858e+01
2.100000000000000089e+00 1.204728468777602757e+01
2.100000000000000089e+00 1.204854404163688741e+01
2.100000000000000089e+00 1.204854404163688741e+01
2.100000000000000089e+00 1.204854404166417225e+01
2.100000000000000089e+00 1.204854404166417225e+01
2.100000000000000089e+00 1.215552692787287015e+01
2.100000000000000089e+00 1.240833622446621121e+01
2.100000000000000089e+00 1.240833622452578311e+01
2.100000000000000089e+00 1.296824917286176060e+01
2.100000000000000089e+00 1.296824917286176060e+01
2.100000000000000089e+00 1.310350319713620593e+01
2.100000000000000089e+00 1.310350319716485501e+01
2.100000000000000089e+00 1.321039132704277108e+01
2.100000000000000089e+00 1.321039132704277108e+01
2.100000000000000089e+00 1.321039132707574026e+01
2.100000000000000089e+00 1.321039132707574026e+01
2.100000000000000089e+00 1.371483669983058462e+01
2.100000000000000089e+00 1.398395276220207961e+01
2.100000000000000089e+00 1.398395276220207961e+01
2.100000000000000089e+00 1.413897205946250324e+01
2.100000000000000089e+00 1.431699611143130824e+01
2.100000000000000089e+00 1.431699611143130824e+01
2.100000000000000089e+00 1.431699611143380935e+01
2.100000000000000089e+00 1.431699611143380935e+01
2.100000000000000089e+00 1.447474463228058994e+01
2.100000000000000089e+00 1.447474463228058994e+01
2.100000000000000089e+00 1.462340994860483079e+01
2.100000000000000089e+00 1.462340994862302068e+01
2.100000000000000089e+00 1.479045974670543728e+01
2.100000000000000089e+00 1.479045974671635122e+01
2.100000000000000089e+00 1.484764002282759066e+01
2.100000000000000089e+00 1.484764002282759066e+01
2.100000000000000089e+00 1.488955769997778589e+01
2.100000000000000089e+00 1.488955769997778589e+01
2.100000000000000089e+00 1.488955769998642609e+01
2.100000000000000089e+00 1.488955769998642609e+01
2.200000000000000178e+00 0.000000000000000000e+00
2.200000000000000178e+00 2.046363078989088535e-11
2.200000000000000178e+00 4.086679968213502434e-02
2.200000000000000178e+00 8.888171267041570900e+00
2.200000000000000178e+00 8.888171267041570900e+00
2.200000000000000178e+00 9.022440992685460515e+00
2.200000000000000178e+00 9.022440992693418593e+00
2.200000000000000178e+00 9.038459083547422779e+00
2.200000000000000178e+00 9.038459083547422779e+00
2.200000000000000178e+00 9.257596404147307112e+00
2.200000000000000178e+00 9.257596404147307112e+00
2.200000000000000178e+00 9.260116465637111105e+00
2.200000000000000178e+00 9.260116465651890394e+00
2.200000000000000178e+00 9.362341651754150007e+00
2.200000000000000178e+00 9.519410905127870137e+00
2.200000000000000178e+00 1.072010087515695886e+01
2.200000000000000178e+00 1.072010087515786836e+01
2.200000000000000178e+00 1.072010087515786836e+01
2.200000000000000178e+00 1.072010087516150634e+01
2.200000000000000178e+00 1.091844309565226467e+01
2.200000000000000178e+00 1.091844309565226467e+01
2.200000000000000178e+00 1.127503994427229372e+01
2.200000000000000178e+00 1.127503994427229372e+01
2.200000000000000178e+00 1.149542336939703091e+01
2.200000000000000178e+00 1.149542336939907727e+01
2.200000000000000178e+00 1.150005834414537276e+01
2.200000000000000178e+00 1.150005834414537276e+01
2.200000000000000178e+00 1.163254177485782748e+01
2.200000000000000178e+00 1.163254177486419394e+01
2.200000000000000178e+00 1.177220506988032867e+01
2.200000000000000178e+00 1.184460365706877383e+01
2.200000000000000178e+00 1.184460365706877383e+01
2.200000000000000178e+00 1.184460365707263918e+01
2.200000000000000178e+00 1.184460365710083352e+01
2.200000000000000178e+00 1.230780106092879578e+01
2.200000000000000178e+00 1.230780106098245597e+01
2.200000000000000178e+00 1.260290692447279071e+01
2.200000000000000178e+00 1.260290692447279071e+01
2.200000000000000178e+00 1.260370988407726145e+01
2.200000000000000178e+00 1.260370988409727033e+01
2.200000000000000178e+00 1.279221298875859247e+01
2.200000000000000178e+00 1.279221298875859247e+01
2.200000000000000178e+00 1.279221298877200752e+01
2.200000000000000178e+00 1.279221298877382651e+01
2.200000000000000178e+00 1.343247337365710337e+01
2.200000000000000178e+00 1.357336902694510172e+01
2.200000000000000178e+00 1.357336902694510172e+01
2.200000000000000178e+00 1.364610177933832347e+01
2.200000000000000178e+00 1.396350064299281257e+01
2.200000000000000178e+00 1.396350064299281257e+01
2.200000000000000178e+00 1.402926976815979287e+01
2.200000000000000178e+00 1.402926976815979287e+01
2.200000000000000178e+00 1.402926976816615934e+01
2.200000000000000178e+00 1.402926976817479954e+01
2.200000000000000178e+00 1.432692683636150832e+01
2.200000000000000178e+00 1.432692683638197195e+01
2.200000000000000178e+00 1.433180881369912640e+01
2.200000000000000178e+00 1.433180881370572024e+01
2.200000000000000178e+00 1.438968895362700096e+01
2.200000000000000178e+00 1.438968895362700096e+01
2.200000000000000178e+00 1.464153297332131842e+01
2.200000000000000178e+00 1.464153297332131842e+01
2.200000000000000178e+00 1.465776986925106939e+01
2.200000000000000178e+00 1.465776986925106939e+01
2.200000000000000178e+00 1.465776986926925929e+01
2.200000000000000178e+00 1.465776986930723069e+01
2.200000000000000178e+00 1.472069339315498837e+01
2.200000000000000178e+00 1.472069339316726655e+01
2.200000000000000178e+00 1.484296388311781811e+01
2.200000000000000178e+00 1.484296388312918680e+01
2.200000000000000178e+00 1.485515732998010208e+01
2.200000000000000178e+00 1.485515732998010208e+01
2.200000000000000178e+00 1.486309568051342467e+01
2.200000000000000178e+00 1.486309568053252406e+01
2.200000000000000178e+00 1.486309568053252406e+01
2.200000000000000178e+00 1.486309568055594355e+01
2.200000000000000178e+00 1.491866799104172969e+01
2.200000000000000178e+00 1.491866799106333019e+01
2.299999999999999822e+00 0.000000000000000000e+00
2.299999999999999822e+00 7.275957614183425903e-12
2.299999999999999822e+00 5.489552104972972302e-02
2.299999999999999822e+00 8.601743384445626361e+00
2.299999999999999822e+00 8.601743384445626361e+00
2.299999999999999822e+00 8.737019102282147287e+00
2.299999999999999822e+00 8.737019102295789708e+00
2.299999999999999822e+00 8.785676473544071996e+00
2.299999999999999822e+00 8.785676473544071996e+00
2.299999999999999822e+00 9.040866536765861383e+00
2.299999999999999822e+00 9.040866536765861383e+00
2.299999999999999822e+00 9.044099149059775300e+00
2.299999999999999822e+00 9.044099149075464084e+00
2.299999999999999822e+00 9.180547255515193683e+00
2.299999999999999822e+00 9.345278138847788796e+00
2.299999999999999822e+00 1.029073712199760848e+01
2.299999999999999822e+00 1.029073712199760848e+01
2.299999999999999822e+00 1.029073712201079616e+01
2.299999999999999822e+00 1.029073712201079616e+01
2.299999999999999822e+00 1.056799501341652103e+01
2.299999999999999822e+00 1.056799501341652103e+01
2.299999999999999822e+00 1.082587804747367954e+01
2.299999999999999822e+00 1.082587804747367954e+01
2.299999999999999822e+00 1.103005007342926547e+01
2.299999999999999822e+00 1.103005007342972021e+01
2.299999999999999822e+00 1.107511033980676984e+01
2.299999999999999822e+00 1.107511033980676984e+01
2.299999999999999822e+00 1.124259214884614266e+01
2.299999999999999822e+00 1.124259214885910296e+01
2.299999999999999822e+00 1.141685463029034509e+01
2.299999999999999822e+00 1.163316240034691873e+01
2.299999999999999822e+00 1.163316240034691873e+01
2.299999999999999822e+00 1.163316240037465832e+01
2.299999999999999822e+00 1.163316240037465832e+01
2.299999999999999822e+00 1.214270407047615663e+01
2.299999999999999822e+00 1.214270407049639289e+01
2.299999999999999822e+00 1.221662279748329638e+01
2.299999999999999822e+00 1.221662279750330526e+01
2.299999999999999822e+00 1.226187445200866932e+01
2.299999999999999822e+00 1.226187445200866932e+01
2.299999999999999822e+00 1.237769402437606914e+01
2.299999999999999822e+00 1.237769402437606914e+01
2.299999999999999822e+00 1.237769402440153499e+01
2.299999999999999822e+00 1.237769402440153499e+01
2.299999999999999822e+00 1.314042656603191972e+01
2.299999999999999822e+00 1.314042656603191972e+01
2.299999999999999822e+00 1.317061539879682641e+01
2.299999999999999822e+00 1.317816332508937194e+01
2.299999999999999822e+00 1.346724945421760822e+01
2.299999999999999822e+00 1.346724945421760822e+01
2.299999999999999822e+00 1.376884929342259056e+01
2.299999999999999822e+00 1.376884929342259056e+01
2.299999999999999822e+00 1.376884929346988429e+01
2.299999999999999822e+00 1.376884929346988429e+01
2.299999999999999822e+00 1.389104591132104360e+01
2.299999999999999822e+00 1.389104591134400835e+01
2.299999999999999822e+00 1.395028181922657495e+01
2.299999999999999822e+00 1.395028181922657495e+01
2.299999999999999822e+00 1.406460842138608314e+01
2.299999999999999822e+00 1.406460842140768364e+01
2.299999999999999822e+00 1.427628987674142991e+01
2.299999999999999822e+00 1.427628987674142991e+01
2.299999999999999822e+00 1.445802503219897517e+01
2.299999999999999822e+00 1.445802503220693325e+01
2.299999999999999822e+00 1.447007270555263858e+01
2.299999999999999822e+00 1.447007270555263858e+01
2.299999999999999822e+00 1.447007270557196534e+01
2.299999999999999822e+00 1.447007270557196534e+01
2.299999999999999822e+00 1.452516517561662113e+01
2.299999999999999822e+00 1.452516517561662113e+01
2.299999999999999822e+00 1.459358988321150719e+01
2.299999999999999822e+00 1.459358988321150719e+01
2.299999999999999822e+00 1.459358988325402606e+01
2.299999999999999822e+00 1.459358988325402606e+01
2.299999999999999822e+00 1.459380001990348319e+01
2.299999999999999822e+00 1.459380001992190046e+01
2.299999999999999822e+00 1.467209511325017957e+01
2.299999999999999822e+00 1.467209511325404492e+01
2.299999999999999822e+00 1.479588722978087389e+01
2.299999999999999822e+00 1.479588722982157378e+01
2.299999999999999822e+00 1.492821919251377949e+01
2.299999999999999822e+00 1.499175532766616925e+01
2.299999999999999822e+00 1.499175532766616925e+01
2.399999999999999911e+00 0.000000000000000000e+00
2.399999999999999911e+00 2.182787284255027771e-11
2.399999999999999911e+00 7.226687395814224146e-02
2.399999999999999911e+00 8.321429315022896844e+00
2.399999999999999911e+00 8.321429315022896844e+00
2.399999999999999911e+00 8.456009685608478321e+00
2.399999999999999911e+00 8.456009685609615190e+00
2.399999999999999911e+00 8.546119311500206095e+00
2.399999999999999911e+00 8.546119311555912645e+00
2.399999999999999911e+00 8.839741657131071406e+00
2.399999999999999911e+00 8.839741657131071406e+00
2.399999999999999911e+00 8.843823779357990134e+00
2.399999999999999911e+00 8.843823779359581749e+00
2.399999999999999911e+00 9.019673506565368371e+00
2.399999999999999911e+00 9.191462885750070200e+00
2.399999999999999911e+00 9.858050481050895542e+00
2.399999999999999911e+00 9.858050481071586546e+00
2.399999999999999911e+00 9.858050481071586546e+00
2.399999999999999911e+00 9.858050481080454119e+00
2.399999999999999911e+00 1.021947947489184116e+01
2.399999999999999911e+00 1.021947947489184116e+01
2.399999999999999911e+00 1.039846352228460091e+01
2.399999999999999911e+00 1.039846352228460091e+01
2.399999999999999911e+00 1.057402088582216493e+01
2.399999999999999911e+00 1.057402088584399280e+01
2.399999999999999911e+00 1.067407063742007267e+01
2.399999999999999911e+00 1.067407063742507489e+01
2.399999999999999911e+00 1.087757300553380446e+01
2.399999999999999911e+00 1.087757300555313122e+01
2.399999999999999911e+00 1.108977122695250728e+01
2.399999999999999911e+00 1.141673557821536633e+01
2.399999999999999911e+00 1.141673557821536633e+01
2.399999999999999911e+00 1.141673557822650764e+01
2.399999999999999911e+00 1.141673557824037744e+01
2.399999999999999911e+00 1.172451064566689638e+01
2.399999999999999911e+00 1.172451064568394941e+01
2.399999999999999911e+00 1.194548166122081057e+01
2.399999999999999911e+00 1.194548166122081057e+01
2.399999999999999911e+00 1.196837465109479126e+01
2.399999999999999911e+00 1.196837465109524601e+01
2.399999999999999911e+00 1.196837465109524601e+01
2.399999999999999911e+00 1.196837465110934318e+01
2.399999999999999911e+00 1.213581659571855198e+01
2.399999999999999911e+00 1.213581659576516358e+01
2.399999999999999911e+00 1.269805811536366491e+01
2.399999999999999911e+00 1.269805811536366491e+01
2.399999999999999911e+00 1.271369100401966534e+01
2.399999999999999911e+00 1.295192853262301469e+01
2.399999999999999911e+00 1.299206143684818926e+01
2.399999999999999911e+00 1.299206143686024006e+01
2.399999999999999911e+00 1.348983205153444942e+01
2.399999999999999911e+00 1.348983205158333476e+01
2.399999999999999911e+00 1.353326384961633266e+01
2.399999999999999911e+00 1.353326384961928852e+01
2.399999999999999911e+00 1.353326384961928852e+01
2.399999999999999911e+00 1.353326384968590901e+01
2.399999999999999911e+00 1.353957200758713952e+01
2.399999999999999911e+00 1.353957200758713952e+01
2.399999999999999911e+00 1.382240091457742892e+01
2.399999999999999911e+00 1.382240091458629649e+01
2.399999999999999911e+00 1.394717210504563809e+01
2.399999999999999911e+00 1.394717210504563809e+01
2.399999999999999911e+00 1.420004901163406430e+01
2.399999999999999911e+00 1.420004901163406430e+01
2.399999999999999911e+00 1.422023870140060353e+01
2.399999999999999911e+00 1.422023870143266322e+01
2.399999999999999911e+00 1.427000963198042882e+01
2.399999999999999911e+00 1.427000963198588579e+01
2.399999999999999911e+00 1.432157681256967408e+01
2.399999999999999911e+00 1.432157681258149751e+01
2.399999999999999911e+00 1.432157681258513549e+01
2.399999999999999911e+00 1.432157681258513549e+01
2.399999999999999911e+00 1.434267837589936789e+01
2.399999999999999911e+00 1.434267837589936789e+01
2.399999999999999911e+00 1.434267837590414274e+01
2.399999999999999911e+00 1.434267837591710304e+01
2.399999999999999911e+00 1.447777788992198111e+01
2.399999999999999911e+00 1.447777788993107606e+01
2.399999999999999911e+00 1.452435154630961733e+01
2.399999999999999911e+00 1.452435154631120895e+01
2.399999999999999911e+00 1.468398323237352088e+01
2.399999999999999911e+00 1.468398323237943259e+01
2.399999999999999911e+00 1.468699877101062157e+01
2.399999999999999911e+00 1.488308232092913386e+01
2.399999999999999911e+00 1.488308232092913386e+01
2.399999999999999911e+00 1.495430622318554015e+01
2.500000000000000000e+00 0.000000000000000000e+00
2.500000000000000000e+00 3.774403012357652187e-11
2.500000000000000000e+00 9.336790858560561901e-02
2.500000000000000000e+00 8.047115587818780114e+00
2.500000000000000000e+00 8.047115587818780114e+00
2.500000000000000000e+00 8.179404869402333134e+00
2.500000000000000000e+00 8.179404869429163227e+00
2.500000000000000000e+00 8.320362015651653564e+00
2.500000000000000000e+00 8.320362015660293764e+00
2.500000000000000000e+00 8.654488262835911883e+00
2.500000000000000000e+00 8.654488262851145919e+00
2.500000000000000000e+00 8.659566020280863086e+00
2.500000000000000000e+00 8.659566020281090459e+00
2.500000000000000000e+00 8.880161829622693404e+00
2.500000000000000000e+00 9.058420258380010637e+00
2.500000000000000000e+00 9.429028759113634806e+00
2.500000000000000000e+00 9.429028759113634806e+00
2.500000000000000000e+00 9.429028759126822479e+00
2.500000000000000000e+00 9.429028759129323589e+00
2.500000000000000000e+00 9.877799971558033576e+00
2.500000000000000000e+00 9.877799971558033576e+00
2.500000000000000000e+00 9.992962587499732763e+00
2.500000000000000000e+00 9.992962587499732763e+00
2.500000000000000000e+00 1.012782322319185369e+01
2.500000000000000000e+00 1.012782322320163075e+01
2.500000000000000000e+00 1.029720272370741441e+01
2.500000000000000000e+00 1.029720272372628642e+01
2.500000000000000000e+00 1.053745690633036247e+01
2.500000000000000000e+00 1.053745690633263621e+01
2.500000000000000000e+00 1.079108098669325955e+01
2.500000000000000000e+00 1.119861743213118643e+01
2.500000000000000000e+00 1.119861743215415117e+01
2.500000000000000000e+00 1.119861743217734329e+01
2.500000000000000000e+00 1.119861743217848016e+01
2.500000000000000000e+00 1.135088830258428061e+01
2.500000000000000000e+00 1.135088830261952353e+01
2.500000000000000000e+00 1.156709163620962499e+01
2.500000000000000000e+00 1.156709163623531822e+01
2.500000000000000000e+00 1.156709163623895620e+01
2.500000000000000000e+00 1.156709163623895620e+01
2.500000000000000000e+00 1.165389079115425375e+01
2.500000000000000000e+00 1.165389079116789617e+01
2.500000000000000000e+00 1.206636752780036659e+01
2.500000000000000000e+00 1.206636752780832467e+01
2.500000000000000000e+00 1.225990998182601288e+01
2.500000000000000000e+00 1.225990998182601288e+01
2.500000000000000000e+00 1.227612721077503011e+01
2.500000000000000000e+00 1.254109959523270845e+01
2.500000000000000000e+00 1.254109959524089390e+01
2.500000000000000000e+00 1.275363742573449599e+01
2.500000000000000000e+00 1.312666079797122620e+01
2.500000000000000000e+00 1.312666079800874286e+01
2.500000000000000000e+00 1.316296287321688396e+01
2.500000000000000000e+00 1.316296287321688396e+01
2.500000000000000000e+00 1.331928714178184237e+01
2.500000000000000000e+00 1.331928714179207418e+01
2.500000000000000000e+00 1.331928714179844064e+01
2.500000000000000000e+00 1.331928714180776296e+01
2.500000000000000000e+00 1.360550963260789104e+01
2.500000000000000000e+00 1.360550963265973223e+01
2.500000000000000000e+00 1.363922170800401545e+01
2.500000000000000000e+00 1.363922170800401545e+01
2.500000000000000000e+00 1.388656307424707848e+01
2.500000000000000000e+00 1.388656307427140746e+01
2.500000000000000000e+00 1.395560770502879677e+01
2.500000000000000000e+00 1.395560770506040171e+01
2.500000000000000000e+00 1.400825894490731116e+01
2.500000000000000000e+00 1.400825894495937973e+01
2.500000000000000000e+00 1.411296444638696812e+01
2.500000000000000000e+00 1.411296444638719549e+01
2.500000000000000000e+00 1.411296444639947367e+01
2.500000000000000000e+00 1.411296444640311165e+01
2.500000000000000000e+00 1.418166609602803874e+01
2.500000000000000000e+00 1.418166609603213146e+01
2.500000000000000000e+00 1.420659108260565517e+01
2.500000000000000000e+00 1.420659108260565517e+01
2.500000000000000000e+00 1.420659108265044779e+01
2.500000000000000000e+00 1.420659108265704162e+01
2.500000000000000000e+00 1.439815116380054860e+01
2.500000000000000000e+00 1.439815116383852001e+01
2.500000000000000000e+00 1.439971842377849498e+01
2.500000000000000000e+00 1.439971842382783507e+01
2.500000000000000000e+00 1.446686258342629117e+01
2.500000000000000000e+00 1.465454788881447712e+01
2.500000000000000000e+00 1.465454788883107540e+01
2.500000000000000000e+00 1.480530234254547395e+01
2.500000000000000000e+00 1.487093391436610545e+01
2.500000000000000000e+00 1.487093391436610545e+01
2.500000000000000000e+00 1.491905596863875871e+01
2.600000000000000089e+00 0.000000000000000000e+00
2.600000000000000089e+00 2.728484105318784714e-11
2.600000000000000089e+00 1.185414161227527075e-01
2.600000000000000089e+00 7.778778977348338231e+00
2.600000000000000089e+00 7.778778977348338231e+00
2.600000000000000089e+00 7.907371874707223469e+00
2.600000000000000089e+00 7.907371874732689321e+00
2.600000000000000089e+00 8.108868835598286751e+00
2.600000000000000089e+00 8.108868835627390581e+00
2.600000000000000089e+00 8.485233819017139467e+00
2.600000000000000089e+00 8.485233819017594215e+00
2.600000000000000089e+00 8.491460589298185369e+00
2.600000000000000089e+00 8.491460589351390809e+00
2.600000000000000089e+00 8.762278305401423495e+00
2.600000000000000089e+00 8.946436422780834619e+00
2.600000000000000089e+00 9.008887989987670153e+00
2.600000000000000089e+00 9.008887989987670153e+00
2.600000000000000089e+00 9.008887990002449442e+00
2.600000000000000089e+00 9.008887990014045499e+00
2.600000000000000089e+00 9.546800728948710457e+00
2.600000000000000089e+00 9.546800728995094687e+00
2.600000000000000089e+00 9.609385890244766415e+00
2.600000000000000089e+00 9.609385890244766415e+00
2.600000000000000089e+00 9.693090437891441979e+00
2.600000000000000089e+00 9.693090437893943090e+00
2.600000000000000089e+00 9.944592724734320655e+00
2.600000000000000089e+00 9.944592724771837311e+00
2.600000000000000089e+00 1.022206581928821834e+01
2.600000000000000089e+00 1.022206581931413893e+01
2.600000000000000089e+00 1.052075590396930238e+01
2.600000000000000089e+00 1.098239848624325532e+01
2.600000000000000089e+00 1.098239848624325532e+01
2.600000000000000089e+00 1.098239848624780279e+01
2.600000000000000089e+00 1.098239848624780279e+01
2.600000000000000089e+00 1.102163617609835455e+01
2.600000000000000089e+00 1.102163617609926405e+01
2.600000000000000089e+00 1.117680793253725824e+01
2.600000000000000089e+00 1.117680793254226046e+01
2.600000000000000089e+00 1.117680793254680793e+01
2.600000000000000089e+00 1.117680793254680793e+01
2.600000000000000089e+00 1.138710605640130780e+01
2.600000000000000089e+00 1.138710605641040274e+01
2.600000000000000089e+00 1.183544893635848894e+01
2.600000000000000089e+00 1.183544893637872519e+01
2.600000000000000089e+00 1.185844286343535714e+01
2.600000000000000089e+00 1.200920401494863654e+01
2.600000000000000089e+00 1.200920401497683088e+01
2.600000000000000089e+00 1.211598145880907396e+01
2.600000000000000089e+00 1.211598145881134769e+01
2.600000000000000089e+00 1.258301643437016537e+01
2.600000000000000089e+00 1.280305108856441620e+01
2.600000000000000089e+00 1.280305108859693064e+01
2.600000000000000089e+00 1.282329170853336109e+01
2.600000000000000089e+00 1.282329170853336109e+01
2.600000000000000089e+00 1.312373715153080411e+01
2.600000000000000089e+00 1.312373715153080411e+01
2.600000000000000089e+00 1.312373715156627441e+01
2.600000000000000089e+00 1.312373715156627441e+01
2.600000000000000089e+00 1.334527405738981543e+01
2.600000000000000089e+00 1.334527405740595896e+01
2.600000000000000089e+00 1.341403600773469407e+01
2.600000000000000089e+00 1.341403600775424820e+01
2.600000000000000089e+00 1.358959518881738404e+01
2.600000000000000089e+00 1.358959518883580131e+01
2.600000000000000089e+00 1.365666230702254325e+01
2.600000000000000089e+00 1.365666230705232920e+01
2.600000000000000089e+00 1.382257490353958929e+01
2.600000000000000089e+00 1.382257490354163565e+01
2.600000000000000089e+00 1.390607345581247500e+01
2.600000000000000089e+00 1.390607345581247500e+01
2.600000000000000089e+00 1.390607345582930066e+01
2.600000000000000089e+00 1.390607345582930066e+01
2.600000000000000089e+00 1.390843623906812354e+01
2.600000000000000089e+00 1.390843623907153415e+01
2.600000000000000089e+00 1.412006555593325174e+01
2.600000000000000089e+00 1.412006555595985446e+01
2.600000000000000089e+00 1.412006555597076840e+01
2.600000000000000089e+00 1.412006555597076840e+01
2.600000000000000089e+00 1.413474184973756564e+01
2.600000000000000089e+00 1.413474184974552372e+01
2.600000000000000089e+00 1.426881128707327662e+01
2.600000000000000089e+00 1.429789959247000297e+01
2.600000000000000089e+00 1.429789959247182196e+01
2.600000000000000089e+00 1.444654239569308629e+01
2.600000000000000089e+00 1.444654239572150800e+01
2.600000000000000089e+00 1.467204367096587703e+01
2.600000000000000089e+00 1.471948942991821241e+01
2.600000000000000089e+00 1.471948942992594311e+01
2.600000000000000089e+00 1.477858933139418696e+01
2.600000000000000089e+00 1.491339266489512738e+01
2.600000000000000089e+00 1.491339266490649607e+01
2.700000000000000178e+00 0.000000000000000000e+00
2.700000000000000178e+00 2.546585164964199066e-11
2.700000000000000178e+00 1.480684052887681901e-01
2.700000000000000178e+00 7.516525399291595022e+00
2.700000000000000178e+00 7.516525399291595022e+00
2.700000000000000178e+00 7.640278334103186353e+00
2.700000000000000178e+00 7.640278334115919279e+00
2.700000000000000178e+00 7.911987852818356259e+00
2.700000000000000178e+00 7.911987852818356259e+00
2.700000000000000178e+00 8.331971984986694224e+00
2.700000000000000178e+00 8.331971984986694224e+00
2.700000000000000178e+00 8.339506347957694743e+00
2.700000000000000178e+00 8.339506347972474032e+00
2.700000000000000178e+00 8.601369470181225552e+00
2.700000000000000178e+00 8.601369470181225552e+00
2.700000000000000178e+00 8.601369470190093125e+00
2.700000000000000178e+00 8.601369470222607561e+00
2.700000000000000178e+00 8.666120352698044371e+00
2.700000000000000178e+00 8.855633402044531977e+00
2.700000000000000178e+00 9.229366612354624522e+00
2.700000000000000178e+00 9.229366612363946842e+00
2.700000000000000178e+00 9.247598077293332608e+00
2.700000000000000178e+00 9.247598077293332608e+00
2.700000000000000178e+00 9.272014229562046239e+00
2.700000000000000178e+00 9.272014229574324418e+00
2.700000000000000178e+00 9.616160293810708026e+00
2.700000000000000178e+00 9.616160293810708026e+00
2.700000000000000178e+00 9.931082128109210316e+00
2.700000000000000178e+00 9.931082128160369393e+00
2.700000000000000178e+00 1.027862492969234154e+01
2.700000000000000178e+00 1.073530838254077935e+01
2.700000000000000178e+00 1.073530838255010167e+01
2.700000000000000178e+00 1.077151658756224606e+01
2.700000000000000178e+00 1.077151658756224606e+01
2.700000000000000178e+00 1.077151658758020858e+01
2.700000000000000178e+00 1.077151658759498787e+01
2.700000000000000178e+00 1.080004167084462097e+01
2.700000000000000178e+00 1.080004167085212430e+01
2.700000000000000178e+00 1.080004167086917732e+01
2.700000000000000178e+00 1.080004167086917732e+01
2.700000000000000178e+00 1.114498107064719079e+01
2.700000000000000178e+00 1.114498107064719079e+01
2.700000000000000178e+00 1.143023324563796450e+01
2.700000000000000178e+00 1.143023324566729571e+01
2.700000000000000178e+00 1.146093003485088957e+01
2.700000000000000178e+00 1.171743374870925436e+01
2.700000000000000178e+00 1.171743374870925436e+01
2.700000000000000178e+00 1.196516711647950615e+01
2.700000000000000178e+00 1.196516711648200726e+01
2.700000000000000178e+00 1.243965889133255587e+01
2.700000000000000178e+00 1.251936691884975517e+01
2.700000000000000178e+00 1.251936691889545727e+01
2.700000000000000178e+00 1.252185814635959105e+01
2.700000000000000178e+00 1.252185814635959105e+01
2.700000000000000178e+00 1.294416990742593043e+01
2.700000000000000178e+00 1.294416990743366114e+01
2.700000000000000178e+00 1.294416990743366114e+01
2.700000000000000178e+00 1.294416990743820861e+01
2.700000000000000178e+00 1.306385076592596306e+01
2.700000000000000178e+00 1.306385076594074235e+01
2.700000000000000178e+00 1.324788963478113146e+01
2.700000000000000178e+00 1.324788963480091297e+01
2.700000000000000178e+00 1.331242740043330741e+01
2.700000000000000178e+00 1.331242740043330741e+01
2.700000000000000178e+00 1.337715258374714722e+01
2.700000000000000178e+00 1.337715258376692873e+01
2.700000000000000178e+00 1.365859053175745430e+01
2.700000000000000178e+00 1.365859053176700399e+01
2.700000000000000178e+00 1.366333370053393992e+01
2.700000000000000178e+00 1.366333370055212981e+01
2.700000000000000178e+00 1.372252216275978753e+01
2.700000000000000178e+00 1.372252216275978753e+01
2.700000000000000178e+00 1.372252216276433501e+01
2.700000000000000178e+00 1.372252216276660874e+01
2.700000000000000178e+00 1.389393447592146913e+01
2.700000000000000178e+00 1.389393447592146913e+01
2.700000000000000178e+00 1.405808333091476925e+01
2.700000000000000178e+00 1.405808333091522400e+01
2.700000000000000178e+00 1.405808333092318207e+01
2.700000000000000178e+00 1.405808333092318207e+01
2.700000000000000178e+00 1.409352423888208250e+01
2.700000000000000178e+00 1.421835731584701534e+01
2.700000000000000178e+00 1.421835731586679685e+01
2.700000000000000178e+00 1.425923587674674309e+01
2.700000000000000178e+00 1.425923587674674309e+01
2.700000000000000178e+00 1.455535229389670349e+01
2.700000000000000178e+00 1.457721613018020435e+01
2.700000000000000178e+00 1.457721613018998141e+01
2.700000000000000178e+00 1.465378654909500256e+01
2.700000000000000178e+00 1.478676548306430050e+01
2.700000000000000178e+00 1.478676548309454120e+01
2.700000000000000178e+00 1.490861054972629063e+01
2.700000000000000178e+00 1.490861054974152466e+01
2.700000000000000178e+00 1.495435743656912564e+01
2.799999999999999822e+00 0.000000000000000000e+00
2.799999999999999822e+00 5.456968210637569427e-12
2.799999999999999822e+00 1.821527389599850721e-01
2.799999999999999822e+00 7.260605670488985197e+00
2.799999999999999822e+00 7.260605670511949938e+00
2.799999999999999822e+00 7.378683197089458190e+00
2.799999999999999822e+00 7.378683197103782732e+00
2.799999999999999822e+00 7.729945431373835163e+00
2.799999999999999822e+00 7.729945431407713841e+00
2.799999999999999822e+00 8.194567711518857323e+00
2.799999999999999822e+00 8.194567711583204073e+00
2.799999999999999822e+00 8.203571299822215224e+00
2.799999999999999822e+00 8.203571299849500065e+00
2.799999999999999822e+00 8.209064080485632076e+00
2.799999999999999822e+00 8.209064080485632076e+00
2.799999999999999822e+00 8.209064080485859449e+00
2.799999999999999822e+00 8.209064080507914696e+00
2.799999999999999822e+00 8.591623311784815087e+00
2.799999999999999822e+00 8.785974123693449656e+00
2.799999999999999822e+00 8.866731508762541125e+00
2.799999999999999822e+00 8.866731508762541125e+00
2.799999999999999822e+00 8.907326047876949815e+00
2.799999999999999822e+00 8.907326047905144151e+00
2.799999999999999822e+00 8.927571488007515654e+00
2.799999999999999822e+00 8.927571488007515654e+00
2.799999999999999822e+00 9.311668264386980809e+00
2.799999999999999822e+00 9.311668264405170703e+00
2.799999999999999822e+00 9.664057750525444135e+00
2.799999999999999822e+00 9.664057750528854740e+00
2.799999999999999822e+00 1.006438230388380362e+01
2.799999999999999822e+00 1.043870096852629104e+01
2.799999999999999822e+00 1.043870096853561336e+01
2.799999999999999822e+00 1.043870096855198426e+01
2.799999999999999822e+00 1.043870096855198426e+01
2.799999999999999822e+00 1.048991805362265950e+01
2.799999999999999822e+00 1.048991805362334162e+01
2.799999999999999822e+00 1.056895657790323639e+01
2.799999999999999822e+00 1.056895657790323639e+01
2.799999999999999822e+00 1.056895657792892962e+01
2.799999999999999822e+00 1.056895657792892962e+01
2.799999999999999822e+00 1.092722528920057812e+01
2.799999999999999822e+00 1.092722528920330660e+01
2.799999999999999822e+00 1.104726489657991806e+01
2.799999999999999822e+00 1.104726489657991806e+01
2.799999999999999822e+00 1.108368492497879743e+01
2.799999999999999822e+00 1.134562493665907823e+01
2.799999999999999822e+00 1.134562493668704519e+01
2.799999999999999822e+00 1.193497997171493807e+01
2.799999999999999822e+00 1.193497997173199110e+01
2.799999999999999822e+00 1.225892822537048232e+01
2.799999999999999822e+00 1.225892822538253313e+01
2.799999999999999822e+00 1.227515117780149012e+01
2.799999999999999822e+00 1.227515117782058951e+01
2.799999999999999822e+00 1.232303239000316353e+01
2.799999999999999822e+00 1.277922191006473440e+01
2.799999999999999822e+00 1.277922191006473440e+01
2.799999999999999822e+00 1.277922191007928632e+01
2.799999999999999822e+00 1.277922191007928632e+01
2.799999999999999822e+00 1.279601619879395002e+01
2.799999999999999822e+00 1.279601619879395002e+01
2.799999999999999822e+00 1.305711883184812905e+01
2.799999999999999822e+00 1.305711883185699662e+01
2.799999999999999822e+00 1.310680904587547957e+01
2.799999999999999822e+00 1.310680904587547957e+01
2.799999999999999822e+00 1.311949247127859053e+01
2.799999999999999822e+00 1.311949247128495699e+01
2.799999999999999822e+00 1.343232693354821095e+01
2.799999999999999822e+00 1.343232693355594165e+01
2.799999999999999822e+00 1.353040649204740475e+01
2.799999999999999822e+00 1.353040649205217960e+01
2.799999999999999822e+00 1.356179182906953429e+01
2.799999999999999822e+00 1.356179182906953429e+01
2.799999999999999822e+00 1.356179182907590075e+01
2.799999999999999822e+00 1.356179182907590075e+01
2.799999999999999822e+00 1.367566228416012564e+01
2.799999999999999822e+00 1.367566228416444574e+01
2.799999999999999822e+00 1.394138134699869624e+01
2.799999999999999822e+00 1.401783154648933305e+01
2.799999999999999822e+00 1.401783154650524921e+01
2.799999999999999822e+00 1.401783154650524921e+01
2.799999999999999822e+00 1.401783154653844576e+01
2.799999999999999822e+00 1.409255907740157454e+01
2.799999999999999822e+00 1.409255907740703151e+01
2.799999999999999822e+00 1.416034200653166408e+01
2.799999999999999822e+00 1.416034200658418740e+01
2.799999999999999822e+00 1.444276451040832399e+01
2.799999999999999822e+00 1.444276451040832399e+01
2.799999999999999822e+00 1.445582991304513598e+01
2.799999999999999822e+00 1.454562835618162353e+01
2.799999999999999822e+00 1.468741232695879262e+01
2.799999999999999822e+00 1.468741232695879262e+01
2.799999999999999822e+00 1.473441346194840662e+01
2.799999999999999822e+00 1.473441346197023449e+01
2.799999999999999822e+00 1.476084801230217636e+01
2.799999999999999822e+00 1.479641708829240088e+01
2.799999999999999822e+00 1.479641708833742086e+01
2.899999999999999911e+00 0.000000000000000000e+00
2.899999999999999911e+00 1.364242052659392357e-12
2.899999999999999911e+00 2.209090781325357966e-01
2.899999999999999911e+00 7.011405111118165223e+00
2.899999999999999911e+00 7.011405111118165223e+00
2.899999999999999911e+00 7.123294946569558306e+00
2.899999999999999911e+00 7.123294946571377295e+00
2.899999999999999911e+00 7.562842302444096276e+00
2.899999999999999911e+00 7.562842302444096276e+00
2.899999999999999911e+00 7.833684966715054543e+00
2.899999999999999911e+00 7.833684966743021505e+00
2.899999999999999911e+00 7.833684966752116452e+00
2.899999999999999911e+00 7.833684966752116452e+00
2.899999999999999911e+00 8.072763032710554398e+00
2.899999999999999911e+00 8.072763032725106314e+00
2.899999999999999911e+00 8.083398312455301493e+00
2.899999999999999911e+00 8.083398312505551075e+00
2.899999999999999911e+00 8.478955011058133096e+00
2.899999999999999911e+00 8.478955011071093395e+00
2.899999999999999911e+00 8.538567690073023186e+00
2.899999999999999911e+00 8.588166837696689981e+00
2.899999999999999911e+00 8.588166837696689981e+00
2.899999999999999911e+00 8.642825252373540934e+00
2.899999999999999911e+00 8.642825252373540934e+00
2.899999999999999911e+00 8.737268434737416101e+00
2.899999999999999911e+00 9.030732031102161272e+00
2.899999999999999911e+00 9.030732031102161272e+00
2.899999999999999911e+00 9.420422518937130008e+00
2.899999999999999911e+00 9.420422518955319902e+00
2.899999999999999911e+00 9.877594531558770541e+00
2.899999999999999911e+00 1.009410448921471470e+01
2.899999999999999911e+00 1.009410448922335490e+01
2.899999999999999911e+00 1.009410448922676551e+01
2.899999999999999911e+00 1.009410448922676551e+01
2.899999999999999911e+00 1.028337505196986967e+01
2.899999999999999911e+00 1.028337505197873725e+01
2.899999999999999911e+00 1.037711286210424078e+01
2.899999999999999911e+00 1.037711286210424078e+01
2.899999999999999911e+00 1.037711286211651895e+01
2.899999999999999911e+00 1.037711286212174855e+01
2.899999999999999911e+00 1.068800681942479969e+01
2.899999999999999911e+00 1.068800681942479969e+01
2.899999999999999911e+00 1.072662813973988705e+01
2.899999999999999911e+00 1.073341058677306137e+01
2.899999999999999911e+00 1.073341058678124682e+01
2.899999999999999911e+00 1.100034569207673485e+01
2.899999999999999911e+00 1.100034569207673485e+01
2.899999999999999911e+00 1.191922139928419710e+01
2.899999999999999911e+00 1.191922139930693447e+01
2.899999999999999911e+00 1.203401417307827614e+01
2.899999999999999911e+00 1.203401417307827614e+01
2.899999999999999911e+00 1.206933061656263817e+01
2.899999999999999911e+00 1.206933061658128281e+01
2.899999999999999911e+00 1.223248571986800926e+01
2.899999999999999911e+00 1.254342297385301208e+01
2.899999999999999911e+00 1.254342297385301208e+01
2.899999999999999911e+00 1.262853898372827643e+01
2.899999999999999911e+00 1.262853898373941774e+01
2.899999999999999911e+00 1.262853898373941774e+01
2.899999999999999911e+00 1.262853898375556128e+01
2.899999999999999911e+00 1.282483763383947917e+01
2.899999999999999911e+00 1.282483763386017017e+01
2.899999999999999911e+00 1.288500636200251392e+01
2.899999999999999911e+00 1.288500636201524685e+01
2.899999999999999911e+00 1.299037762573084365e+01
2.899999999999999911e+00 1.299037762574175758e+01
2.899999999999999911e+00 1.322959138465716933e+01
2.899999999999999911e+00 1.322959138466694640e+01
2.899999999999999911e+00 1.342262918503638502e+01
2.899999999999999911e+00 1.342262918503638502e+01
2.899999999999999911e+00 1.342262918506298774e+01
2.899999999999999911e+00 1.342262918508663461e+01
2.899999999999999911e+00 1.342343641208003646e+01
2.899999999999999911e+00 1.342343641210413807e+01
2.899999999999999911e+00 1.347965199627333277e+01
2.899999999999999911e+00 1.347965199627333277e+01
2.899999999999999911e+00 1.381249082260160321e+01
2.899999999999999911e+00 1.394624482815333977e+01
2.899999999999999911e+00 1.394624482819085642e+01
2.899999999999999911e+00 1.399737489387712230e+01
2.899999999999999911e+00 1.399737489390645351e+01
2.899999999999999911e+00 1.399737489390645351e+01
2.899999999999999911e+00 1.399737489392350653e+01
2.899999999999999911e+00 1.412290899965228164e+01
2.899999999999999911e+00 1.412290899966205870e+01
2.899999999999999911e+00 1.431519827011948109e+01
2.899999999999999911e+00 1.431519827011948109e+01
2.899999999999999911e+00 1.437387650258256144e+01
2.899999999999999911e+00 1.445485280006278117e+01
2.899999999999999911e+00 1.457277069430165284e+01
2.899999999999999911e+00 1.457277069431825112e+01
2.899999999999999911e+00 1.458199387573677086e+01
2.899999999999999911e+00 1.458199387575382389e+01
2.899999999999999911e+00 1.459551365440415793e+01
2.899999999999999911e+00 1.461001518132843557e+01
2.899999999999999911e+00 1.461001518132843557e+01
2.899999999999999911e+00 1.484733374112920501e+01
2.899999999999999911e+00 1.484733374112920501e+01
2.899999999999999911e+00 1.484733374115626248e+01
2.899999999999999911e+00 1.484733374116285631e+01
2.899999999999999911e+00 1.491457450165921728e+01
2.899999999999999911e+00 1.493929885301281502e+01
2.899999999999999911e+00 1.493952721941809614e+01
2.899999999999999911e+00 1.493952721944879158e+01
3.000000000000000000e+00 0.000000000000000000e+00
3.000000000000000000e+00 9.777068044058978558e-12
3.000000000000000000e+00 2.643550707705344394e-01
3.000000000000000000e+00 6.769409591248859215e+00
3.000000000000000000e+00 6.769409591248859215e+00
3.000000000000000000e+00 6.874906490525290792e+00
3.000000000000000000e+00 6.874906490558032601e+00
3.000000000000000000e+00 7.410652278174893581e+00
3.000000000000000000e+00 7.410652278174893581e+00
3.000000000000000000e+00 7.476276760876316985e+00
3.000000000000000000e+00 7.476276760876316985e+00
3.000000000000000000e+00 7.476276760896553242e+00
3.000000000000000000e+00 7.476276760896553242e+00
3.000000000000000000e+00 7.966184304607168087e+00
3.000000000000000000e+00 7.966184304613079803e+00
3.000000000000000000e+00 7.978612311876531749e+00
3.000000000000000000e+00 7.978612311924962341e+00
3.000000000000000000e+00 8.109851678454333523e+00
3.000000000000000000e+00 8.109851678471159175e+00
3.000000000000000000e+00 8.289596070809693629e+00
3.000000000000000000e+00 8.289596070809693629e+00
3.000000000000000000e+00 8.376001232861653989e+00
3.000000000000000000e+00 8.376001232903490745e+00
3.000000000000000000e+00 8.506587806978359367e+00
3.000000000000000000e+00 8.709180783117744795e+00
3.000000000000000000e+00 8.772829581780797525e+00
3.000000000000000000e+00 8.772829581780797525e+00
3.000000000000000000e+00 9.199492894440709279e+00
3.000000000000000000e+00 9.199492894485274519e+00
3.000000000000000000e+00 9.717707257543452215e+00
3.000000000000000000e+00 9.767062945495126769e+00
3.000000000000000000e+00 9.767062945495126769e+00
3.000000000000000000e+00 9.767062945534235041e+00
3.000000000000000000e+00 9.767062945534235041e+00
3.000000000000000000e+00 1.011366339977030293e+01
3.000000000000000000e+00 1.011366339978576434e+01
3.000000000000000000e+00 1.019777167261077011e+01
3.000000000000000000e+00 1.019777167261077011e+01
3.000000000000000000e+00 1.019777167261395334e+01
3.000000000000000000e+00 1.019777167261395334e+01
3.000000000000000000e+00 1.035298909031575931e+01
3.000000000000000000e+00 1.035298909032576375e+01
3.000000000000000000e+00 1.038952033367877448e+01
3.000000000000000000e+00 1.056297893944974930e+01
3.000000000000000000e+00 1.056297893947180455e+01
3.000000000000000000e+00 1.068111410979099674e+01
3.000000000000000000e+00 1.068111410979099674e+01
3.000000000000000000e+00 1.184606019935972654e+01
3.000000000000000000e+00 1.184606019935972654e+01
3.000000000000000000e+00 1.190037399204948088e+01
3.000000000000000000e+00 1.190037399206926239e+01
3.000000000000000000e+00 1.191830666636315073e+01
3.000000000000000000e+00 1.191830666636860769e+01
3.000000000000000000e+00 1.216725642559435983e+01
3.000000000000000000e+00 1.230747934178316427e+01
3.000000000000000000e+00 1.230747934178748437e+01
3.000000000000000000e+00 1.249243186025114483e+01
3.000000000000000000e+00 1.249243186025114483e+01
3.000000000000000000e+00 1.249243186026501462e+01
3.000000000000000000e+00 1.249243186026501462e+01
3.000000000000000000e+00 1.261610738959711853e+01
3.000000000000000000e+00 1.261610738961985589e+01
3.000000000000000000e+00 1.267426956245958536e+01
3.000000000000000000e+00 1.267426956246731606e+01
3.000000000000000000e+00 1.289803750226724333e+01
3.000000000000000000e+00 1.289803750227838464e+01
3.000000000000000000e+00 1.305011578344988266e+01
3.000000000000000000e+00 1.305011578349626689e+01
3.000000000000000000e+00 1.330345955334178143e+01
3.000000000000000000e+00 1.330345955334178143e+01
3.000000000000000000e+00 1.330345955336451880e+01
3.000000000000000000e+00 1.330345955336451880e+01
3.000000000000000000e+00 1.330545340506569119e+01
3.000000000000000000e+00 1.330545340506569119e+01
3.000000000000000000e+00 1.334187504681517566e+01
3.000000000000000000e+00 1.334187504683154657e+01
3.000000000000000000e+00 1.370671856150306667e+01
3.000000000000000000e+00 1.381985928838480504e+01
3.000000000000000000e+00 1.381985928842300382e+01
3.000000000000000000e+00 1.399539594555676558e+01
3.000000000000000000e+00 1.399539594555676558e+01
3.000000000000000000e+00 1.399539594555722033e+01
3.000000000000000000e+00 1.399539594555722033e+01
3.000000000000000000e+00 1.410491614556917739e+01
3.000000000000000000e+00 1.410491614557895446e+01
3.000000000000000000e+00 1.419415818876700541e+01
3.000000000000000000e+00 1.419415818878383106e+01
3.000000000000000000e+00 1.430970703467596650e+01
3.000000000000000000e+00 1.438195261114537971e+01
3.000000000000000000e+00 1.438890011998796581e+01
3.000000000000000000e+00 1.438890011998887530e+01
3.000000000000000000e+00 1.442430672676277936e+01
3.000000000000000000e+00 1.442430672676573522e+01
3.000000000000000000e+00 1.445762885056956293e+01
3.000000000000000000e+00 1.455060216183778721e+01
3.000000000000000000e+00 1.455060216187894184e+01
3.000000000000000000e+00 1.465803687774450736e+01
3.000000000000000000e+00 1.465803687774450736e+01
3.000000000000000000e+00 1.465803687776883635e+01
3.000000000000000000e+00 1.465803687776883635e+01
3.000000000000000000e+00 1.478246238245014865e+01
3.000000000000000000e+00 1.478380262318773930e+01
3.000000000000000000e+00 1.478380262321547889e+01
3.000000000000000000e+00 1.488025384150296304e+01
3.000000000000000000e+00 1.499162803775357133e+01
