0.000000 41.862131
0.100000 41.862131
0.200000 41.815708
0.300000 41.769285
0.400000 41.722861
0.500000 41.583592
0.600000 41.490745
0.700000 41.351476
0.800000 41.165783
0.900000 40.980090
1.100000 40.562281
1.200000 40.330165
1.300000 40.051626
1.400000 39.819510
1.500000 39.540970
1.600000 39.216008
1.700000 38.937469
1.800000 38.658929
1.900000 38.333967
2.000000 38.055428
2.100000 37.776888
2.200000 37.498349
2.300000 37.219810
2.400000 36.987694
2.500000 36.802001
2.600000 36.662731
2.700000 36.569885
2.800000 36.616308
2.900000 36.802001
3.000000 37.266233
