0 41.8192
0.0835118 41.8026
0.167024 41.7694
0.250535 41.7195
0.334047 41.653
0.417559 41.5699
0.501071 41.4619
0.584582 41.3456
0.668094 41.2043
0.751606 41.0464
0.835118 40.8719
0.91863 40.6891
1.00214 40.4814
1.08565 40.2653
1.16916 40.0326
1.25268 39.7916
1.33619 39.534
1.4197 39.2681
1.50321 39.0022
1.58672 38.728
1.67024 38.4538
1.75375 38.1878
1.83726 37.9302
1.92077 37.6892
2.00428 37.4649
2.08779 37.2654
2.17131 37.1159
2.25482 37.0078
2.33833 36.9663
2.42184 37.0078
2.50535 37.1574
2.58887 37.44
2.67238 37.897
2.75589 38.6116
2.8394 39.6753
2.92291 41.2459
3.00642 43.5144
3.08994 46.5309
3.17345 49.8881
3.25696 53.0708
3.34047 55.8878
3.42398 58.3641
3.50749 60.5828
3.59101 62.6188
3.67452 64.5051
3.75803 66.2917
3.84154 67.9869
3.92505 69.7154
4.00857 71.2028
4.09208 72.7485
4.17559 74.2608
