# J dE
2.100000000000000089e+00 0.000000000000000000e+00
2.100000000000000089e+00 3.037570195374428295e-13
2.100000000000000089e+00 3.199268456735815391e-01
2.100000000000000089e+00 8.243873772544931811e+00
2.100000000000000089e+00 8.243873772545132539e+00
2.100000000000000089e+00 8.413290588222274380e+00
2.100000000000000089e+00 8.413290588223199862e+00
2.100000000000000089e+00 9.135656496680523375e+00
2.100000000000000089e+00 9.135656496681297867e+00
2.100000000000000089e+00 9.909515688149786783e+00
2.100000000000000089e+00 9.909515688150937862e+00
2.100000000000000089e+00 1.025722449277085069e+01
2.100000000000000089e+00 1.118951585294714768e+01
2.100000000000000089e+00 1.118951585294721518e+01
2.100000000000000089e+00 1.182158757087171530e+01
2.100000000000000089e+00 1.182158757087315415e+01
2.100000000000000089e+00 1.238871279087614674e+01
2.100000000000000089e+00 1.238871279087741151e+01
2.100000000000000089e+00 1.255474423893891789e+01
2.100000000000000089e+00 1.255474423894023239e+01
2.100000000000000089e+00 1.264016311101483758e+01
2.100000000000000089e+00 1.264016311101572754e+01
2.100000000000000089e+00 1.275434369679787316e+01
2.100000000000000089e+00 1.281587854886804045e+01
2.100000000000000089e+00 1.296485936971360786e+01
2.100000000000000089e+00 1.296485936971487263e+01
2.100000000000000089e+00 1.296496431273876304e+01
2.100000000000000089e+00 1.296496431273923022e+01
2.100000000000000089e+00 1.342641777883581256e+01
2.100000000000000089e+00 1.342641777883657106e+01
2.100000000000000089e+00 1.343429944154054390e+01
2.100000000000000089e+00 1.343429944154110345e+01
2.100000000000000089e+00 1.385967307504119361e+01
2.100000000000000089e+00 1.385967307504156842e+01
2.100000000000000089e+00 1.401626688443879232e+01
2.100000000000000089e+00 1.401626688443883673e+01
2.100000000000000089e+00 1.424463659931073600e+01
2.100000000000000089e+00 1.424463659931188531e+01
2.100000000000000089e+00 1.444969886326063246e+01
2.100000000000000089e+00 1.448548398190011000e+01
2.100000000000000089e+00 1.448548398190094666e+01
2.100000000000000089e+00 1.458963436393027635e+01
2.100000000000000089e+00 1.458963436393240443e+01
2.100000000000000089e+00 1.466668672541953100e+01
2.100000000000000089e+00 1.466668672542009233e+01
2.100000000000000089e+00 1.472566819278946504e+01
2.100000000000000089e+00 1.472566819279047223e+01
2.100000000000000089e+00 1.473557940860298388e+01
2.100000000000000089e+00 1.473557940860322013e+01
3.100000000000000089e+00 0.000000000000000000e+00
3.100000000000000089e+00 2.273736754432320595e-13
3.100000000000000089e+00 2.043478432225096952e+00
3.100000000000000089e+00 5.744364180167440992e+00
3.100000000000000089e+00 5.744364180167742973e+00
3.100000000000000089e+00 6.656583081190733608e+00
3.100000000000000089e+00 6.656583081190923679e+00
3.100000000000000089e+00 7.298464619565105949e+00
3.100000000000000089e+00 7.298464619565242728e+00
3.100000000000000089e+00 9.150130178978894691e+00
3.100000000000000089e+00 9.150130178979328122e+00
3.100000000000000089e+00 1.006075570616433978e+01
3.100000000000000089e+00 1.094914259328710671e+01
3.100000000000000089e+00 1.094914259328799844e+01
3.100000000000000089e+00 1.167536225106542958e+01
3.100000000000000089e+00 1.168419917566746591e+01
3.100000000000000089e+00 1.168419917566806987e+01
3.100000000000000089e+00 1.186098804929446793e+01
3.100000000000000089e+00 1.186098804929472550e+01
3.100000000000000089e+00 1.189025734347244345e+01
3.100000000000000089e+00 1.189025734347275964e+01
3.100000000000000089e+00 1.217471869556137065e+01
3.100000000000000089e+00 1.217471869556208475e+01
3.100000000000000089e+00 1.227762290565647341e+01
3.100000000000000089e+00 1.242066118981161971e+01
3.100000000000000089e+00 1.242066118981226275e+01
3.100000000000000089e+00 1.268160535673028200e+01
3.100000000000000089e+00 1.268160535673058931e+01
3.100000000000000089e+00 1.273046973995173659e+01
3.100000000000000089e+00 1.273046973995191955e+01
3.100000000000000089e+00 1.280843710453322970e+01
3.100000000000000089e+00 1.280843710453395090e+01
3.100000000000000089e+00 1.383881057653856317e+01
3.100000000000000089e+00 1.383881057654017788e+01
3.100000000000000089e+00 1.398393400137693376e+01
3.100000000000000089e+00 1.398393400137786458e+01
3.100000000000000089e+00 1.417572159267858289e+01
3.100000000000000089e+00 1.417572159267960075e+01
3.100000000000000089e+00 1.499706252951894925e+01
3.100000000000000089e+00 1.499706252951918017e+01
3.399999999999999911e+00 0.000000000000000000e+00
3.399999999999999911e+00 2.735589532676385716e-13
3.399999999999999911e+00 2.854287157793400809e+00
3.399999999999999911e+00 5.503293271589352997e+00
3.399999999999999911e+00 5.503293271590592894e+00
3.399999999999999911e+00 6.810172507028944722e+00
3.399999999999999911e+00 6.810172507029225386e+00
3.399999999999999911e+00 7.224835343400659582e+00
3.399999999999999911e+00 7.224835343400723531e+00
3.399999999999999911e+00 9.396549168151111076e+00
3.399999999999999911e+00 9.396549168151800302e+00
3.399999999999999911e+00 1.043987883295447006e+01
3.399999999999999911e+00 1.117813888955770096e+01
3.399999999999999911e+00 1.117813888955889468e+01
3.399999999999999911e+00 1.198397478245691516e+01
3.399999999999999911e+00 1.207581755751339792e+01
3.399999999999999911e+00 1.207581755751381891e+01
3.399999999999999911e+00 1.228196287398923303e+01
3.399999999999999911e+00 1.228196287399026509e+01
3.399999999999999911e+00 1.253996089636427236e+01
3.399999999999999911e+00 1.253996089636475908e+01
3.399999999999999911e+00 1.262536342814614621e+01
3.399999999999999911e+00 1.262536342814625456e+01
3.399999999999999911e+00 1.262564891526937672e+01
3.399999999999999911e+00 1.262564891527010325e+01
3.399999999999999911e+00 1.267577017274266638e+01
3.399999999999999911e+00 1.301671780510878484e+01
3.399999999999999911e+00 1.301671780510909393e+01
3.399999999999999911e+00 1.321606909710690836e+01
3.399999999999999911e+00 1.321606909710694744e+01
3.399999999999999911e+00 1.330671491795681582e+01
3.399999999999999911e+00 1.330671491795717287e+01
3.399999999999999911e+00 1.431103366708588887e+01
3.399999999999999911e+00 1.431103366708618552e+01
3.399999999999999911e+00 1.446464110140347969e+01
3.399999999999999911e+00 1.446464110140383319e+01
3.399999999999999911e+00 1.456144835339302190e+01
3.399999999999999911e+00 1.456144835339393850e+01
6.999999999999999556e-01 0.000000000000000000e+00
6.999999999999999556e-01 6.217248937900876626e-15
6.999999999999999556e-01 3.997209837489634765e-04
6.999999999999999556e-01 1.483164619808167473e+01
6.999999999999999556e-01 1.483164619808202289e+01
6.999999999999999556e-01 1.485491370431185842e+01
6.999999999999999556e-01 1.485491370431188685e+01
6.999999999999999556e-01 1.486256087185694241e+01
6.999999999999999556e-01 1.486256087185796559e+01
6.999999999999999556e-01 1.487964772922699552e+01
6.999999999999999556e-01 1.487964772922719092e+01
6.999999999999999556e-01 1.489551065017563047e+01
5.000000000000000000e-01 0.000000000000000000e+00
5.000000000000000000e-01 5.639932965095795225e-14
5.000000000000000000e-01 4.881527782085726130e-05
2.399999999999999911e+00 0.000000000000000000e+00
2.399999999999999911e+00 2.167155344068305567e-13
2.399999999999999911e+00 6.470140922292060282e-01
2.399999999999999911e+00 7.181065177053460147e+00
2.399999999999999911e+00 7.181065177053553406e+00
2.399999999999999911e+00 7.455867102484973863e+00
2.399999999999999911e+00 7.455867102485094655e+00
2.399999999999999911e+00 8.294868392661900458e+00
2.399999999999999911e+00 8.294868392662191781e+00
2.399999999999999911e+00 9.384358221236890785e+00
2.399999999999999911e+00 9.384358221237572906e+00
2.399999999999999911e+00 9.893428903218357107e+00
2.399999999999999911e+00 1.086525425702404846e+01
2.399999999999999911e+00 1.086525425702421543e+01
2.399999999999999911e+00 1.125438314763903591e+01
2.399999999999999911e+00 1.125438314763967540e+01
2.399999999999999911e+00 1.195334760308924160e+01
2.399999999999999911e+00 1.195334760308998767e+01
2.399999999999999911e+00 1.203074454664260706e+01
2.399999999999999911e+00 1.203074454664263016e+01
2.399999999999999911e+00 1.205839219043559218e+01
2.399999999999999911e+00 1.214728374914092157e+01
2.399999999999999911e+00 1.214728374914122888e+01
2.399999999999999911e+00 1.230657033997979610e+01
2.399999999999999911e+00 1.253133652660492636e+01
2.399999999999999911e+00 1.253133652660562980e+01
2.399999999999999911e+00 1.255413806032884239e+01
2.399999999999999911e+00 1.255413806032972701e+01
2.399999999999999911e+00 1.280951015602169640e+01
2.399999999999999911e+00 1.280951015602232346e+01
2.399999999999999911e+00 1.286155524510263248e+01
2.399999999999999911e+00 1.286155524510382619e+01
2.399999999999999911e+00 1.363902917113318125e+01
2.399999999999999911e+00 1.363902917113363067e+01
2.399999999999999911e+00 1.370470641509776222e+01
2.399999999999999911e+00 1.370470641509785281e+01
2.399999999999999911e+00 1.417883822929703008e+01
2.399999999999999911e+00 1.417883822929713311e+01
2.399999999999999911e+00 1.423740209169179671e+01
2.399999999999999911e+00 1.423740209169212356e+01
2.399999999999999911e+00 1.438292939633836198e+01
2.399999999999999911e+00 1.438292939633903345e+01
2.399999999999999911e+00 1.444900052343170671e+01
2.399999999999999911e+00 1.444900052343198382e+01
2.399999999999999911e+00 1.455764992054980134e+01
2.399999999999999911e+00 1.455764992055016904e+01
2.399999999999999911e+00 1.457191541974700577e+01
2.399999999999999911e+00 1.457191541974721360e+01
2.399999999999999911e+00 1.477302289127160506e+01
2.399999999999999911e+00 1.487768190794374945e+01
2.399999999999999911e+00 1.487768190794419709e+01
1.399999999999999911e+00 0.000000000000000000e+00
1.399999999999999911e+00 4.440892098500626162e-15
1.399999999999999911e+00 2.995452586840752218e-02
1.399999999999999911e+00 1.146259714935258600e+01
1.399999999999999911e+00 1.146259714935361274e+01
1.399999999999999911e+00 1.159041179353525486e+01
1.399999999999999911e+00 1.159041179353672746e+01
1.399999999999999911e+00 1.179350247565770893e+01
1.399999999999999911e+00 1.179350247565844967e+01
1.399999999999999911e+00 1.200486551047058015e+01
1.399999999999999911e+00 1.200486551047185912e+01
1.399999999999999911e+00 1.210535633867991123e+01
1.399999999999999911e+00 1.359990654981532998e+01
1.399999999999999911e+00 1.359990654981635316e+01
1.399999999999999911e+00 1.392124538621870400e+01
1.399999999999999911e+00 1.392124538621995633e+01
1.399999999999999911e+00 1.414308759373562907e+01
1.399999999999999911e+00 1.414308759373653857e+01
1.399999999999999911e+00 1.432340012719825495e+01
1.399999999999999911e+00 1.432340012719834021e+01
1.399999999999999911e+00 1.467106556015819763e+01
1.399999999999999911e+00 1.467106556015859198e+01
1.399999999999999911e+00 1.482500412799170064e+01
1.399999999999999911e+00 1.485428639647271964e+01
1.399999999999999911e+00 1.486698074289115468e+01
1.399999999999999911e+00 1.486698074289188476e+01
1.399999999999999911e+00 1.490854973880961332e+01
1.399999999999999911e+00 1.490854973881015688e+01
1.399999999999999911e+00 1.498162902720318179e+01
1.399999999999999911e+00 1.498162902720491019e+01
2.200000000000000178e+00 0.000000000000000000e+00
2.200000000000000178e+00 4.902744876744691283e-13
2.200000000000000178e+00 4.114244914046381041e-01
2.200000000000000178e+00 7.860922028274583084e+00
2.200000000000000178e+00 7.860922028274936579e+00
2.200000000000000178e+00 8.054547703308093887e+00
2.200000000000000178e+00 8.054547703309115292e+00
2.200000000000000178e+00 8.829344074683611154e+00
2.200000000000000178e+00 8.829344074684179589e+00
2.200000000000000178e+00 9.705982009543852485e+00
2.200000000000000178e+00 9.705982009544044331e+00
2.200000000000000178e+00 1.010462944937351182e+01
2.200000000000000178e+00 1.103264879669334420e+01
2.200000000000000178e+00 1.103264879669372789e+01
2.200000000000000178e+00 1.160399594940731838e+01
2.200000000000000178e+00 1.160399594940738766e+01
2.200000000000000178e+00 1.222342786003667392e+01
2.200000000000000178e+00 1.222342786003767223e+01
2.200000000000000178e+00 1.233361697756091147e+01
2.200000000000000178e+00 1.233361697756142839e+01
2.200000000000000178e+00 1.245445573016372087e+01
2.200000000000000178e+00 1.245445573016382923e+01
2.200000000000000178e+00 1.248841245248951282e+01
2.200000000000000178e+00 1.261340208930959506e+01
2.200000000000000178e+00 1.278384208275686618e+01
2.200000000000000178e+00 1.278384208275738843e+01
2.200000000000000178e+00 1.279190121970412974e+01
2.200000000000000178e+00 1.279190121970463245e+01
2.200000000000000178e+00 1.319502402355424131e+01
2.200000000000000178e+00 1.319502402355465875e+01
2.200000000000000178e+00 1.320755227946991184e+01
2.200000000000000178e+00 1.320755227946991894e+01
2.200000000000000178e+00 1.380494580014453199e+01
2.200000000000000178e+00 1.380494580014483041e+01
2.200000000000000178e+00 1.386059470779145286e+01
2.200000000000000178e+00 1.386059470779176550e+01
2.200000000000000178e+00 1.419025362740249818e+01
2.200000000000000178e+00 1.419025362740255147e+01
2.200000000000000178e+00 1.439265324443106309e+01
2.200000000000000178e+00 1.439265324443161909e+01
2.200000000000000178e+00 1.452379661029907432e+01
2.200000000000000178e+00 1.453508534169511890e+01
2.200000000000000178e+00 1.453508534169560029e+01
2.200000000000000178e+00 1.455105133910681658e+01
2.200000000000000178e+00 1.455105133910735304e+01
2.200000000000000178e+00 1.456531159010526366e+01
2.200000000000000178e+00 1.456531159010543242e+01
2.200000000000000178e+00 1.464489397986852559e+01
2.200000000000000178e+00 1.464489397986892882e+01
2.200000000000000178e+00 1.497237753768728652e+01
2.200000000000000178e+00 1.497237753768784430e+01
3.000000000000000000e+00 0.000000000000000000e+00
3.000000000000000000e+00 2.380318164796335623e-13
3.000000000000000000e+00 1.795415131934166908e+00
3.000000000000000000e+00 5.867020739827985665e+00
3.000000000000000000e+00 5.867020739828102904e+00
3.000000000000000000e+00 6.659579066493666488e+00
3.000000000000000000e+00 6.659579066493703792e+00
3.000000000000000000e+00 7.363164366138729378e+00
3.000000000000000000e+00 7.363164366139409722e+00
3.000000000000000000e+00 9.106839397819449289e+00
3.000000000000000000e+00 9.106839397819712190e+00
3.000000000000000000e+00 9.965089929636469890e+00
3.000000000000000000e+00 1.091312104222193824e+01
3.000000000000000000e+00 1.091312104222264878e+01
3.000000000000000000e+00 1.145266528055841349e+01
3.000000000000000000e+00 1.145266528055882560e+01
3.000000000000000000e+00 1.162882951756963479e+01
3.000000000000000000e+00 1.180701189849187038e+01
3.000000000000000000e+00 1.180701189849278165e+01
3.000000000000000000e+00 1.182855643997288198e+01
3.000000000000000000e+00 1.182855643997345396e+01
3.000000000000000000e+00 1.206765569946783856e+01
3.000000000000000000e+00 1.206765569946881200e+01
3.000000000000000000e+00 1.219128382918821352e+01
3.000000000000000000e+00 1.239394545290160465e+01
3.000000000000000000e+00 1.239394545290255500e+01
3.000000000000000000e+00 1.261244776561449221e+01
3.000000000000000000e+00 1.261244776561491676e+01
3.000000000000000000e+00 1.261658740445178850e+01
3.000000000000000000e+00 1.261658740445307814e+01
3.000000000000000000e+00 1.268315190796743330e+01
3.000000000000000000e+00 1.268315190796758074e+01
3.000000000000000000e+00 1.372499470391775311e+01
3.000000000000000000e+00 1.372499470391807463e+01
3.000000000000000000e+00 1.386673718576157199e+01
3.000000000000000000e+00 1.386673718576210845e+01
3.000000000000000000e+00 1.409568226532367774e+01
3.000000000000000000e+00 1.409568226532518764e+01
3.000000000000000000e+00 1.483461791294067211e+01
3.000000000000000000e+00 1.483461791294340770e+01
3.000000000000000000e+00 1.493670067358655018e+01
3.000000000000000000e+00 1.493670067358893050e+01
3.899999999999999911e+00 0.000000000000000000e+00
3.899999999999999911e+00 2.202682480856310576e-13
3.899999999999999911e+00 4.336026846494142717e+00
3.899999999999999911e+00 5.406073648891691619e+00
3.899999999999999911e+00 5.406073648891922545e+00
3.899999999999999911e+00 7.391935041403279172e+00
3.899999999999999911e+00 7.391935041403350226e+00
3.899999999999999911e+00 7.434431546627212839e+00
3.899999999999999911e+00 7.434431546627362053e+00
3.899999999999999911e+00 1.008398837551933269e+01
3.899999999999999911e+00 1.008398837551979454e+01
3.899999999999999911e+00 1.125364967871887956e+01
3.899999999999999911e+00 1.184645703073740464e+01
3.899999999999999911e+00 1.184645703073854861e+01
3.899999999999999911e+00 1.272139623236089179e+01
3.899999999999999911e+00 1.272139623236163075e+01
3.899999999999999911e+00 1.293814580390305480e+01
3.899999999999999911e+00 1.326484522548423683e+01
3.899999999999999911e+00 1.326484522548490830e+01
3.899999999999999911e+00 1.327438461132101466e+01
3.899999999999999911e+00 1.327438461132107506e+01
3.899999999999999911e+00 1.367768298546614858e+01
3.899999999999999911e+00 1.368696117429205117e+01
3.899999999999999911e+00 1.368696117429235315e+01
3.899999999999999911e+00 1.391430375207822934e+01
3.899999999999999911e+00 1.391430375208037162e+01
3.899999999999999911e+00 1.430844197601448897e+01
3.899999999999999911e+00 1.430844197601614454e+01
3.899999999999999911e+00 1.433353285077483719e+01
3.899999999999999911e+00 1.433353285077533457e+01
3.899999999999999911e+00 1.438572783951966372e+01
3.899999999999999911e+00 1.438572783952009004e+01
1.199999999999999956e+00 0.000000000000000000e+00
1.199999999999999956e+00 2.793321129956893856e-13
1.199999999999999956e+00 1.161394447144736830e-02
1.199999999999999956e+00 1.244611578965705867e+01
1.199999999999999956e+00 1.244611578965758270e+01
1.199999999999999956e+00 1.254376300432207358e+01
1.199999999999999956e+00 1.254376300432221214e+01
1.199999999999999956e+00 1.264876732160224826e+01
1.199999999999999956e+00 1.264876732160291795e+01
1.199999999999999956e+00 1.277028668924255150e+01
1.199999999999999956e+00 1.277028668924268295e+01
1.199999999999999956e+00 1.283437747256641792e+01
1.199999999999999956e+00 1.459351736146739142e+01
1.199999999999999956e+00 1.459351736146788880e+01
1.199999999999999956e+00 1.460871405255791444e+01
1.199999999999999956e+00 1.460871405255890920e+01
1.199999999999999956e+00 1.475351039872809622e+01
1.199999999999999956e+00 1.475351039872812819e+01
1.199999999999999956e+00 1.487627809076072793e+01
1.199999999999999956e+00 1.487627809076082208e+01
1.000000000000000056e-01 0.000000000000000000e+00
1.000000000000000056e-01 3.338995746560158295e-14
1.000000000000000056e-01 2.530394560551485483e-09
2.899999999999999911e+00 0.000000000000000000e+00
2.899999999999999911e+00 5.826450433232821524e-13
2.899999999999999911e+00 1.561300550551905530e+00
2.899999999999999911e+00 6.014404352083582594e+00
2.899999999999999911e+00 6.014404352084092409e+00
2.899999999999999911e+00 6.695146992763369553e+00
2.899999999999999911e+00 6.695146992764749783e+00
2.899999999999999911e+00 7.451266571563010643e+00
2.899999999999999911e+00 7.451266571563731844e+00
2.899999999999999911e+00 9.086375950479911978e+00
2.899999999999999911e+00 9.086375950480196195e+00
2.899999999999999911e+00 9.889234548373060818e+00
2.899999999999999911e+00 1.090080146231486324e+01
2.899999999999999911e+00 1.090080146231522562e+01
2.899999999999999911e+00 1.125401025185047033e+01
2.899999999999999911e+00 1.125401025185098547e+01
2.899999999999999911e+00 1.161368979861921602e+01
2.899999999999999911e+00 1.175153404144340463e+01
2.899999999999999911e+00 1.175153404144348990e+01
2.899999999999999911e+00 1.181868578206398546e+01
2.899999999999999911e+00 1.181868578206487896e+01
2.899999999999999911e+00 1.198588355242855386e+01
2.899999999999999911e+00 1.198588355242871017e+01
2.899999999999999911e+00 1.213196559545569997e+01
2.899999999999999911e+00 1.239166124050568030e+01
2.899999999999999911e+00 1.239166124050617768e+01
2.899999999999999911e+00 1.252050191392067546e+01
2.899999999999999911e+00 1.252050191392181233e+01
2.899999999999999911e+00 1.257877580803740614e+01
2.899999999999999911e+00 1.257877580803864959e+01
2.899999999999999911e+00 1.258322436831627833e+01
2.899999999999999911e+00 1.258322436831687341e+01
2.899999999999999911e+00 1.363669836290650395e+01
2.899999999999999911e+00 1.363669836290714876e+01
2.899999999999999911e+00 1.377430808009539831e+01
2.899999999999999911e+00 1.377430808009625451e+01
2.899999999999999911e+00 1.404293860638587432e+01
2.899999999999999911e+00 1.404293860638625091e+01
2.899999999999999911e+00 1.469742957390180749e+01
2.899999999999999911e+00 1.469742957390213078e+01
2.899999999999999911e+00 1.473286377503818123e+01
2.899999999999999911e+00 1.473286377503830380e+01
2.799999999999999822e+00 0.000000000000000000e+00
2.799999999999999822e+00 2.522426711948355660e-13
2.799999999999999822e+00 1.342737371271251590e+00
2.799999999999999822e+00 6.188518345803242227e+00
2.799999999999999822e+00 6.188518345803291965e+00
2.799999999999999822e+00 6.766436253977095916e+00
2.799999999999999822e+00 6.766436253977291315e+00
2.799999999999999822e+00 7.564594972171573062e+00
2.799999999999999822e+00 7.564594972171638787e+00
2.799999999999999822e+00 9.090665873870547031e+00
2.799999999999999822e+00 9.090665873870655389e+00
2.799999999999999822e+00 9.835900323363873099e+00
2.799999999999999822e+00 1.091418751355421080e+01
2.799999999999999822e+00 1.091418751355440975e+01
2.799999999999999822e+00 1.109174377438949932e+01
2.799999999999999822e+00 1.109174377438985459e+01
2.799999999999999822e+00 1.163165875088742141e+01
2.799999999999999822e+00 1.172616228961160445e+01
2.799999999999999822e+00 1.172616228961201834e+01
2.799999999999999822e+00 1.183291094976798696e+01
2.799999999999999822e+00 1.183291094976826230e+01
2.799999999999999822e+00 1.193155302533414996e+01
2.799999999999999822e+00 1.193155302533423878e+01
2.799999999999999822e+00 1.210185257272659065e+01
2.799999999999999822e+00 1.241587513506635432e+01
2.799999999999999822e+00 1.241587513506661899e+01
2.799999999999999822e+00 1.245711096893351666e+01
2.799999999999999822e+00 1.245711096893419167e+01
2.799999999999999822e+00 1.251153094794539555e+01
2.799999999999999822e+00 1.251153094794615228e+01
2.799999999999999822e+00 1.257034124817923271e+01
2.799999999999999822e+00 1.257034124817936060e+01
2.799999999999999822e+00 1.357600058151276379e+01
2.799999999999999822e+00 1.357600058151365729e+01
2.799999999999999822e+00 1.370817769076939108e+01
2.799999999999999822e+00 1.370817769076948167e+01
2.799999999999999822e+00 1.401919713797827072e+01
2.799999999999999822e+00 1.401919713797835421e+01
2.799999999999999822e+00 1.455802257678486988e+01
2.799999999999999822e+00 1.455802257678630873e+01
2.799999999999999822e+00 1.458752170389085201e+01
2.799999999999999822e+00 1.458752170389133163e+01
2.799999999999999822e+00 1.487403456651545497e+01
2.799999999999999822e+00 1.487403456651609623e+01
2.799999999999999822e+00 1.491392325328143365e+01
2.799999999999999822e+00 1.491392325328181734e+01
2.799999999999999822e+00 1.491562100918192435e+01
2.799999999999999822e+00 1.491562100918246969e+01
1.500000000000000000e+00 0.000000000000000000e+00
1.500000000000000000e+00 5.790923296444816515e-13
1.500000000000000000e+00 4.551723174187216614e-02
1.500000000000000000e+00 1.097076919200491574e+01
1.500000000000000000e+00 1.097076919200512890e+01
1.500000000000000000e+00 1.110776138397452684e+01
1.500000000000000000e+00 1.110776138397471158e+01
1.500000000000000000e+00 1.137606415444158614e+01
1.500000000000000000e+00 1.137606415444161279e+01
1.500000000000000000e+00 1.164506044212664548e+01
1.500000000000000000e+00 1.164506044212689240e+01
1.500000000000000000e+00 1.176883075950409463e+01
1.500000000000000000e+00 1.313014486784031476e+01
1.500000000000000000e+00 1.313014486784175006e+01
1.500000000000000000e+00 1.358164046095074440e+01
1.500000000000000000e+00 1.358164046095075861e+01
1.500000000000000000e+00 1.384689064799345815e+01
1.500000000000000000e+00 1.384689064799441738e+01
1.500000000000000000e+00 1.405503137836539196e+01
1.500000000000000000e+00 1.405503137836586092e+01
1.500000000000000000e+00 1.449361977295419557e+01
1.500000000000000000e+00 1.449361977295474446e+01
1.500000000000000000e+00 1.449946932623085516e+01
1.500000000000000000e+00 1.449946932623119800e+01
1.500000000000000000e+00 1.453092020072494250e+01
1.500000000000000000e+00 1.458945446248456967e+01
1.500000000000000000e+00 1.458945446248502975e+01
1.500000000000000000e+00 1.465640153419132830e+01
1.500000000000000000e+00 1.465640153419141534e+01
1.500000000000000000e+00 1.468465574199688106e+01
1.500000000000000000e+00 1.483199640212624359e+01
3.700000000000000178e+00 0.000000000000000000e+00
3.700000000000000178e+00 5.542233338928781450e-13
3.700000000000000178e+00 3.731561199854006361e+00
3.700000000000000178e+00 5.409658956895682991e+00
3.700000000000000178e+00 5.409658956895874837e+00
3.700000000000000178e+00 7.144193504505022219e+00
3.700000000000000178e+00 7.144193504505892633e+00
3.700000000000000178e+00 7.291481882592535158e+00
3.700000000000000178e+00 7.291481882592865560e+00
3.700000000000000178e+00 9.777251676760627674e+00
3.700000000000000178e+00 9.777251676760997157e+00
3.700000000000000178e+00 1.091013240098516235e+01
3.700000000000000178e+00 1.154628736500119146e+01
3.700000000000000178e+00 1.154628736500210806e+01
3.700000000000000178e+00 1.242940421115901373e+01
3.700000000000000178e+00 1.242940421115914518e+01
3.700000000000000178e+00 1.250282354917707650e+01
3.700000000000000178e+00 1.283812035963192955e+01
3.700000000000000178e+00 1.283812035963195797e+01
3.700000000000000178e+00 1.297487900458526866e+01
3.700000000000000178e+00 1.297487900458767029e+01
3.700000000000000178e+00 1.322629722202454161e+01
3.700000000000000178e+00 1.322629722202616875e+01
3.700000000000000178e+00 1.323712667757241945e+01
3.700000000000000178e+00 1.351563199513600111e+01
3.700000000000000178e+00 1.351563199513608993e+01
3.700000000000000178e+00 1.356667060775175315e+01
3.700000000000000178e+00 1.356667060775196632e+01
3.700000000000000178e+00 1.385144879390948702e+01
3.700000000000000178e+00 1.385144879390960782e+01
3.700000000000000178e+00 1.393043835628350635e+01
3.700000000000000178e+00 1.393043835628473204e+01
3.700000000000000178e+00 1.493461094115431465e+01
3.700000000000000178e+00 1.493461094115448873e+01
4.000000000000000222e-01 0.000000000000000000e+00
4.000000000000000222e-01 2.446931546273845015e-13
4.000000000000000222e-01 1.220070195184774775e-05
2.500000000000000000e+00 0.000000000000000000e+00
2.500000000000000000e+00 2.398081733190338127e-13
2.500000000000000000e+00 7.927692769950684948e-01
2.500000000000000000e+00 6.886780938072305069e+00
2.500000000000000000e+00 6.886780938072725178e+00
2.500000000000000000e+00 7.219862593696071862e+00
2.500000000000000000e+00 7.219862593696833919e+00
2.500000000000000000e+00 8.069446318184102296e+00
2.500000000000000000e+00 8.069446318185363509e+00
2.500000000000000000e+00 9.267502414368529173e+00
2.500000000000000000e+00 9.267502414368678387e+00
2.500000000000000000e+00 9.834818883706802239e+00
2.500000000000000000e+00 1.085378611247786296e+01
2.500000000000000000e+00 1.085378611247851843e+01
2.500000000000000000e+00 1.112444347238211861e+01
2.500000000000000000e+00 1.112444347238302100e+01
2.500000000000000000e+00 1.184776549068142337e+01
2.500000000000000000e+00 1.184776549068304163e+01
2.500000000000000000e+00 1.189713069089333075e+01
2.500000000000000000e+00 1.195307291233979186e+01
2.500000000000000000e+00 1.195307291234070846e+01
2.500000000000000000e+00 1.202976508024054425e+01
2.500000000000000000e+00 1.202976508024124769e+01
2.500000000000000000e+00 1.220440156941066334e+01
2.500000000000000000e+00 1.246022310255484022e+01
2.500000000000000000e+00 1.246022310255511378e+01
2.500000000000000000e+00 1.249048351060063844e+01
2.500000000000000000e+00 1.249048351060091200e+01
2.500000000000000000e+00 1.266436241941832819e+01
2.500000000000000000e+00 1.266436241941914176e+01
2.500000000000000000e+00 1.273816960304513302e+01
2.500000000000000000e+00 1.273816960304530710e+01
2.500000000000000000e+00 1.357558663821869516e+01
2.500000000000000000e+00 1.357558663822023348e+01
2.500000000000000000e+00 1.367062720338614312e+01
2.500000000000000000e+00 1.367062720338656057e+01
2.500000000000000000e+00 1.413474896655982782e+01
2.500000000000000000e+00 1.413474896655995394e+01
2.500000000000000000e+00 1.422356572884016579e+01
2.500000000000000000e+00 1.422356572884091008e+01
2.500000000000000000e+00 1.443684701964140871e+01
2.500000000000000000e+00 1.443684701964313710e+01
2.500000000000000000e+00 1.445779265956564075e+01
2.500000000000000000e+00 1.445779265956711335e+01
2.500000000000000000e+00 1.459214921215095551e+01
2.500000000000000000e+00 1.459214921215264837e+01
2.500000000000000000e+00 1.460424961617358441e+01
2.500000000000000000e+00 1.460424961617387574e+01
2.500000000000000000e+00 1.487458618343270622e+01
2.500000000000000000e+00 1.487458618343353578e+01
2.500000000000000000e+00 1.494631418386221000e+01
1.600000000000000089e+00 0.000000000000000000e+00
1.600000000000000089e+00 8.881784197001252323e-16
1.600000000000000089e+00 6.703611793897046311e-02
1.600000000000000089e+00 1.048317211036462560e+01
1.600000000000000089e+00 1.048317211036482632e+01
1.600000000000000089e+00 1.062488547301680342e+01
1.600000000000000089e+00 1.062488547301683006e+01
1.600000000000000089e+00 1.096746488950156539e+01
1.600000000000000089e+00 1.096746488950166842e+01
1.600000000000000089e+00 1.130264497167637927e+01
1.600000000000000089e+00 1.130264497167663329e+01
1.600000000000000089e+00 1.145349674174496002e+01
1.600000000000000089e+00 1.269470631301847874e+01
1.600000000000000089e+00 1.269470631301866348e+01
1.600000000000000089e+00 1.324945935357471427e+01
1.600000000000000089e+00 1.324945935357568061e+01
1.600000000000000089e+00 1.356072782125041698e+01
1.600000000000000089e+00 1.356072782125124121e+01
1.600000000000000089e+00 1.379356248944321095e+01
1.600000000000000089e+00 1.379356248944367991e+01
1.600000000000000089e+00 1.412962982906053711e+01
1.600000000000000089e+00 1.412962982906136489e+01
1.600000000000000089e+00 1.420824892974497899e+01
1.600000000000000089e+00 1.427276697559808127e+01
1.600000000000000089e+00 1.427276697559953433e+01
1.600000000000000089e+00 1.432896939610461828e+01
1.600000000000000089e+00 1.432896939610622411e+01
1.600000000000000089e+00 1.433664110933225189e+01
1.600000000000000089e+00 1.433664110933258229e+01
1.600000000000000089e+00 1.445896792496400707e+01
1.600000000000000089e+00 1.457044628681701681e+01
1.600000000000000089e+00 1.480341903947886095e+01
1.600000000000000089e+00 1.480341903948051652e+01
1.600000000000000089e+00 1.491800104665350446e+01
1.600000000000000089e+00 1.491800104665468751e+01
3.299999999999999822e+00 0.000000000000000000e+00
3.299999999999999822e+00 2.913225216616410762e-13
3.299999999999999822e+00 2.574608795682660656e+00
3.299999999999999822e+00 5.564646269879208518e+00
3.299999999999999822e+00 5.564646269879315099e+00
3.299999999999999822e+00 6.735107372152263849e+00
3.299999999999999822e+00 6.735107372152299376e+00
3.299999999999999822e+00 7.231311999750705155e+00
3.299999999999999822e+00 7.231311999750836605e+00
3.299999999999999822e+00 9.297017605359460646e+00
3.299999999999999822e+00 9.297017605359737757e+00
3.299999999999999822e+00 1.030067322972410082e+01
3.299999999999999822e+00 1.108377024922124221e+01
3.299999999999999822e+00 1.108377024922151222e+01
3.299999999999999822e+00 1.185496122616757297e+01
3.299999999999999822e+00 1.198646193006212179e+01
3.299999999999999822e+00 1.198646193006252325e+01
3.299999999999999822e+00 1.213017171594533572e+01
3.299999999999999822e+00 1.213017171594557020e+01
3.299999999999999822e+00 1.223140618617392228e+01
3.299999999999999822e+00 1.223140618617497744e+01
3.299999999999999822e+00 1.245577706945214125e+01
3.299999999999999822e+00 1.245577706945266527e+01
3.299999999999999822e+00 1.252214826498677702e+01
3.299999999999999822e+00 1.253867186290818125e+01
3.299999999999999822e+00 1.253867186290964675e+01
3.299999999999999822e+00 1.288398489486374743e+01
3.299999999999999822e+00 1.288398489486406007e+01
3.299999999999999822e+00 1.303469954641377448e+01
3.299999999999999822e+00 1.303469954641486694e+01
3.299999999999999822e+00 1.312315231890188372e+01
3.299999999999999822e+00 1.312315231890190681e+01
3.299999999999999822e+00 1.413406755836983208e+01
3.299999999999999822e+00 1.413406755836990492e+01
3.299999999999999822e+00 1.428493898839029619e+01
3.299999999999999822e+00 1.428493898839103160e+01
3.299999999999999822e+00 1.441040422247961850e+01
3.299999999999999822e+00 1.441040422247975350e+01
8.000000000000000444e-01 0.000000000000000000e+00
8.000000000000000444e-01 8.288925101851418731e-13
8.000000000000000444e-01 9.231290228037813961e-04
8.000000000000000444e-01 1.436427926808829447e+01
8.000000000000000444e-01 1.436427926808832645e+01
8.000000000000000444e-01 1.439798850135962915e+01
8.000000000000000444e-01 1.439798850136066299e+01
8.000000000000000444e-01 1.441381872615962401e+01
8.000000000000000444e-01 1.441381872616003612e+01
8.000000000000000444e-01 1.444146500206776906e+01
8.000000000000000444e-01 1.444146500206814920e+01
8.000000000000000444e-01 1.446340882291136509e+01
2.600000000000000089e+00 0.000000000000000000e+00
2.600000000000000089e+00 7.815970093361102045e-14
2.600000000000000089e+00 9.575644583097613349e-01
2.600000000000000089e+00 6.623570219256345482e+00
2.600000000000000089e+00 6.623570219256484037e+00
2.600000000000000089e+00 7.026882104562144349e+00
2.600000000000000089e+00 7.026882104562533371e+00
2.600000000000000089e+00 7.872761770197608477e+00
2.600000000000000089e+00 7.872761770198094311e+00
2.600000000000000089e+00 9.180034507349249751e+00
2.600000000000000089e+00 9.180034507349304818e+00
2.600000000000000089e+00 9.806661329217980949e+00
2.600000000000000089e+00 1.088901112833432450e+01
2.600000000000000089e+00 1.088901112833524287e+01
2.600000000000000089e+00 1.102481145832315690e+01
2.600000000000000089e+00 1.102481145832391363e+01
2.600000000000000089e+00 1.177246277712600531e+01
2.600000000000000089e+00 1.177336611742539496e+01
2.600000000000000089e+00 1.177336611742569339e+01
2.600000000000000089e+00 1.191312256206236242e+01
2.600000000000000089e+00 1.191312256206251696e+01
2.600000000000000089e+00 1.193799278352109816e+01
2.600000000000000089e+00 1.193799278352117099e+01
2.600000000000000089e+00 1.213670217488743752e+01
2.600000000000000089e+00 1.242507127297488800e+01
2.600000000000000089e+00 1.242507127297565894e+01
2.600000000000000089e+00 1.246309626534564075e+01
2.600000000000000089e+00 1.246309626534587700e+01
2.600000000000000089e+00 1.255089295654439496e+01
2.600000000000000089e+00 1.255089295654443582e+01
2.600000000000000089e+00 1.264881012533618154e+01
2.600000000000000089e+00 1.264881012533628990e+01
2.600000000000000089e+00 1.354426682129945902e+01
2.600000000000000089e+00 1.354426682129957626e+01
2.600000000000000089e+00 1.365734219343434042e+01
2.600000000000000089e+00 1.365734219343482359e+01
2.600000000000000089e+00 1.406424779922154045e+01
2.600000000000000089e+00 1.406424779922218349e+01
2.600000000000000089e+00 1.430211987144184249e+01
2.600000000000000089e+00 1.430211987144252817e+01
2.600000000000000089e+00 1.445613902602843126e+01
2.600000000000000089e+00 1.445613902602893752e+01
2.600000000000000089e+00 1.457542109335650515e+01
2.600000000000000089e+00 1.457542109335656733e+01
2.600000000000000089e+00 1.465009326561580671e+01
2.600000000000000089e+00 1.465009326561582093e+01
2.600000000000000089e+00 1.467971588542048700e+01
2.600000000000000089e+00 1.467971588542089378e+01
2.600000000000000089e+00 1.490179961585468149e+01
2.600000000000000089e+00 1.490179961585549862e+01
1.800000000000000044e+00 0.000000000000000000e+00
1.800000000000000044e+00 4.529709940470638685e-13
1.800000000000000044e+00 1.340394035716165888e-01
1.800000000000000044e+00 9.536085909524469884e+00
1.800000000000000044e+00 9.536085909525242599e+00
1.800000000000000044e+00 9.680081653951541298e+00
1.800000000000000044e+00 9.680081653951551957e+00
1.800000000000000044e+00 1.018502373651762838e+01
1.800000000000000044e+00 1.018502373651784865e+01
1.800000000000000044e+00 1.067658633085991582e+01
1.800000000000000044e+00 1.067658633085999753e+01
1.800000000000000044e+00 1.089383147677023977e+01
1.800000000000000044e+00 1.195140560858711609e+01
1.800000000000000044e+00 1.195140560858717826e+01
1.800000000000000044e+00 1.262168625528116728e+01
1.800000000000000044e+00 1.262168625528122412e+01
1.800000000000000044e+00 1.303120659979638241e+01
1.800000000000000044e+00 1.303120659979638951e+01
1.800000000000000044e+00 1.329628081331192213e+01
1.800000000000000044e+00 1.329628081331325795e+01
1.800000000000000044e+00 1.342436064600016365e+01
1.800000000000000044e+00 1.342436064600115131e+01
1.800000000000000044e+00 1.359105403359268571e+01
1.800000000000000044e+00 1.367693160149102027e+01
1.800000000000000044e+00 1.367693160149161358e+01
1.800000000000000044e+00 1.370762207548077605e+01
1.800000000000000044e+00 1.370762207548112421e+01
1.800000000000000044e+00 1.372205833999148794e+01
1.800000000000000044e+00 1.408751257237456223e+01
1.800000000000000044e+00 1.408751257237599219e+01
1.800000000000000044e+00 1.422096119834930761e+01
1.800000000000000044e+00 1.422096119834931827e+01
1.800000000000000044e+00 1.432180130197687973e+01
1.800000000000000044e+00 1.432180130197718526e+01
1.800000000000000044e+00 1.442774880163536899e+01
1.800000000000000044e+00 1.458000306443685545e+01
1.800000000000000044e+00 1.458000306443702421e+01
1.800000000000000044e+00 1.463159605861657653e+01
1.800000000000000044e+00 1.463159605861665824e+01
1.800000000000000044e+00 1.485500696751343597e+01
1.800000000000000044e+00 1.485500696751424954e+01
3.500000000000000000e+00 0.000000000000000000e+00
3.500000000000000000e+00 3.872457909892546013e-13
3.500000000000000000e+00 3.141259500515396041e+00
3.500000000000000000e+00 5.458225761883880978e+00
3.500000000000000000e+00 5.458225761884012428e+00
3.500000000000000000e+00 6.905109643321381441e+00
3.500000000000000000e+00 6.905109643322074220e+00
3.500000000000000000e+00 7.233857932315089556e+00
3.500000000000000000e+00 7.233857932315554962e+00
3.500000000000000000e+00 9.510907254141773848e+00
3.500000000000000000e+00 9.510907254142022538e+00
3.500000000000000000e+00 1.058899147923998996e+01
3.500000000000000000e+00 1.128787074732605689e+01
3.500000000000000000e+00 1.128787074732641926e+01
3.500000000000000000e+00 1.213635063414330162e+01
3.500000000000000000e+00 1.218052044880095863e+01
3.500000000000000000e+00 1.218052044880219853e+01
3.500000000000000000e+00 1.245191290001118212e+01
3.500000000000000000e+00 1.245191290001184470e+01
3.500000000000000000e+00 1.272855325808025917e+01
3.500000000000000000e+00 1.272855325808177263e+01
3.500000000000000000e+00 1.281154700338127306e+01
3.500000000000000000e+00 1.281154700338244901e+01
3.500000000000000000e+00 1.284742209052335404e+01
3.500000000000000000e+00 1.286734450449782230e+01
3.500000000000000000e+00 1.286734450449838008e+01
3.500000000000000000e+00 1.316754824534750767e+01
3.500000000000000000e+00 1.316754824534971746e+01
3.500000000000000000e+00 1.341395545204395034e+01
3.500000000000000000e+00 1.341395545204430562e+01
3.500000000000000000e+00 1.350406652194988588e+01
3.500000000000000000e+00 1.350406652195187895e+01
3.500000000000000000e+00 1.450471807554861314e+01
3.500000000000000000e+00 1.450471807554874815e+01
3.500000000000000000e+00 1.466112305941028993e+01
3.500000000000000000e+00 1.466112305941066296e+01
3.500000000000000000e+00 1.473270268110765002e+01
3.500000000000000000e+00 1.473270268110866255e+01
3.200000000000000178e+00 0.000000000000000000e+00
3.200000000000000178e+00 3.730349362740525976e-13
3.200000000000000178e+00 2.303783733549455093e+00
3.200000000000000178e+00 5.644296272475472165e+00
3.200000000000000178e+00 5.644296272476132970e+00
3.200000000000000178e+00 6.682857130899609643e+00
3.200000000000000178e+00 6.682857130899783726e+00
3.200000000000000178e+00 7.255189888670731335e+00
3.200000000000000178e+00 7.255189888670869891e+00
3.200000000000000178e+00 9.214209439863903839e+00
3.200000000000000178e+00 9.214209439864248452e+00
3.200000000000000178e+00 1.017349403276771369e+01
3.200000000000000178e+00 1.100674136055067720e+01
3.200000000000000178e+00 1.100674136055197216e+01
3.200000000000000178e+00 1.175140385923067576e+01
3.200000000000000178e+00 1.191423676732566150e+01
3.200000000000000178e+00 1.191423676732618731e+01
3.200000000000000178e+00 1.194498517314834629e+01
3.200000000000000178e+00 1.194498517314874775e+01
3.200000000000000178e+00 1.199880306510731920e+01
3.200000000000000178e+00 1.199880306510740269e+01
3.200000000000000178e+00 1.230483848264417368e+01
3.200000000000000178e+00 1.230483848264483981e+01
3.200000000000000178e+00 1.238868269318938964e+01
3.200000000000000178e+00 1.246963324299614584e+01
3.200000000000000178e+00 1.246963324299647446e+01
3.200000000000000178e+00 1.277151854584514723e+01
3.200000000000000178e+00 1.277151854584597146e+01
3.200000000000000178e+00 1.287204583476738229e+01
3.200000000000000178e+00 1.287204583476889752e+01
3.200000000000000178e+00 1.295609742407958720e+01
3.200000000000000178e+00 1.295609742407990694e+01
3.200000000000000178e+00 1.397592208554421411e+01
3.200000000000000178e+00 1.397592208554510584e+01
3.200000000000000178e+00 1.412401503874143671e+01
3.200000000000000178e+00 1.412401503874149533e+01
3.200000000000000178e+00 1.428123874466713694e+01
3.200000000000000178e+00 1.428123874466865750e+01
1.000000000000000000e+00 0.000000000000000000e+00
1.000000000000000000e+00 7.505107646466058213e-14
1.000000000000000000e+00 3.734146589902120894e-03
1.000000000000000000e+00 1.341537467471121658e+01
1.000000000000000000e+00 1.341537467471173883e+01
1.000000000000000000e+00 1.347776285883893976e+01
1.000000000000000000e+00 1.347776285884002867e+01
1.000000000000000000e+00 1.352412066530508916e+01
1.000000000000000000e+00 1.352412066530568246e+01
1.000000000000000000e+00 1.358652482047447485e+01
1.000000000000000000e+00 1.358652482047469690e+01
1.000000000000000000e+00 1.362537187165700736e+01
3.799999999999999822e+00 0.000000000000000000e+00
3.799999999999999822e+00 4.973799150320701301e-14
3.799999999999999822e+00 4.032519304260247850e+00
3.799999999999999822e+00 5.402940924523161215e+00
3.799999999999999822e+00 5.402940924523242927e+00
3.799999999999999822e+00 7.283862044149621795e+00
3.799999999999999822e+00 7.283862044149724824e+00
3.799999999999999822e+00 7.337019610774511591e+00
3.799999999999999822e+00 7.337019610774660805e+00
3.799999999999999822e+00 9.926222065318739851e+00
3.799999999999999822e+00 9.926222065319048937e+00
3.799999999999999822e+00 1.107956796533311206e+01
3.799999999999999822e+00 1.169183111168980815e+01
3.799999999999999822e+00 1.169183111169054001e+01
3.799999999999999822e+00 1.257065262575635955e+01
3.799999999999999822e+00 1.257065262575650877e+01
3.799999999999999822e+00 1.271284414490112979e+01
3.799999999999999822e+00 1.305077585411403973e+01
3.799999999999999822e+00 1.305077585411529384e+01
3.799999999999999822e+00 1.311509927755178140e+01
3.799999999999999822e+00 1.311509927755203364e+01
3.799999999999999822e+00 1.345159714024574171e+01
3.799999999999999822e+00 1.345159714024694964e+01
3.799999999999999822e+00 1.345178456769124153e+01
3.799999999999999822e+00 1.370940153981169018e+01
3.799999999999999822e+00 1.370940153981228704e+01
3.799999999999999822e+00 1.393337398461151722e+01
3.799999999999999822e+00 1.393337398461217802e+01
3.799999999999999822e+00 1.408764662808588142e+01
3.799999999999999822e+00 1.408764662808617629e+01
3.799999999999999822e+00 1.415531328273071310e+01
3.799999999999999822e+00 1.415531328273073797e+01
1.300000000000000044e+00 0.000000000000000000e+00
1.300000000000000044e+00 3.423927807943982771e-13
1.300000000000000044e+00 1.903018690868529816e-02
1.300000000000000044e+00 1.195528434402767459e+01
1.300000000000000044e+00 1.195528434402861606e+01
1.300000000000000044e+00 1.206956160340089923e+01
1.300000000000000044e+00 1.206956160340167727e+01
1.300000000000000044e+00 1.221816109602772116e+01
1.300000000000000044e+00 1.221816109602879052e+01
1.300000000000000044e+00 1.238046088471124406e+01
1.300000000000000044e+00 1.238046088471249817e+01
1.300000000000000044e+00 1.246117386991237908e+01
1.300000000000000044e+00 1.409292676578974124e+01
1.300000000000000044e+00 1.409292676579008230e+01
1.300000000000000044e+00 1.426473124180824925e+01
1.300000000000000044e+00 1.426473124180887453e+01
1.300000000000000044e+00 1.444625495833399853e+01
1.300000000000000044e+00 1.444625495833420636e+01
1.300000000000000044e+00 1.459753987656246466e+01
1.300000000000000044e+00 1.459753987656297625e+01
1.300000000000000044e+00 1.486746475496685704e+01
1.300000000000000044e+00 1.486746475496767239e+01
1.300000000000000044e+00 1.498941061544293341e+01
2.999999999999999889e-01 0.000000000000000000e+00
2.999999999999999889e-01 6.344091918464300761e-13
2.999999999999999889e-01 2.063060226265012176e-06
1.100000000000000089e+00 0.000000000000000000e+00
1.100000000000000089e+00 2.029487689014786156e-13
1.100000000000000089e+00 6.766763821022703240e-03
1.100000000000000089e+00 1.293317596098216882e+01
1.100000000000000089e+00 1.293317596098225586e+01
1.100000000000000089e+00 1.301293840884075337e+01
1.100000000000000089e+00 1.301293840884107667e+01
1.100000000000000089e+00 1.308434157163649303e+01
1.100000000000000089e+00 1.308434157163769918e+01
1.100000000000000089e+00 1.317281253408410358e+01
1.100000000000000089e+00 1.317281253408493669e+01
1.100000000000000089e+00 1.322306985395245604e+01
1.100000000000000089e+00 1.495006716298683536e+01
1.100000000000000089e+00 1.495006716298788163e+01
2.700000000000000178e+00 0.000000000000000000e+00
2.700000000000000178e+00 3.765876499528530985e-13
2.700000000000000178e+00 1.141125545370195837e+00
2.700000000000000178e+00 6.391114077412618499e+00
2.700000000000000178e+00 6.391114077412709094e+00
2.700000000000000178e+00 6.876256775338006832e+00
2.700000000000000178e+00 6.876256775338219995e+00
2.700000000000000178e+00 7.704703975456467901e+00
2.700000000000000178e+00 7.704703975456990150e+00
2.700000000000000178e+00 9.121420267751545907e+00
2.700000000000000178e+00 9.121420267751588540e+00
2.700000000000000178e+00 9.807629502699946045e+00
2.700000000000000178e+00 1.095504983222321904e+01
2.700000000000000178e+00 1.095504983222348727e+01
2.700000000000000178e+00 1.096912120229263365e+01
2.700000000000000178e+00 1.096912120229268872e+01
2.700000000000000178e+00 1.168420571435544986e+01
2.700000000000000178e+00 1.173294270094214298e+01
2.700000000000000178e+00 1.173294270094251956e+01
2.700000000000000178e+00 1.187243275784993202e+01
2.700000000000000178e+00 1.187243275785012386e+01
2.700000000000000178e+00 1.190666948775182554e+01
2.700000000000000178e+00 1.190666948775214173e+01
2.700000000000000178e+00 1.210289773428485560e+01
2.700000000000000178e+00 1.242460777887639267e+01
2.700000000000000178e+00 1.242460777887667156e+01
2.700000000000000178e+00 1.246844037286144768e+01
2.700000000000000178e+00 1.246844037286178697e+01
2.700000000000000178e+00 1.247072182045952715e+01
2.700000000000000178e+00 1.247072182046012756e+01
2.700000000000000178e+00 1.259318658413551617e+01
2.700000000000000178e+00 1.259318658413591763e+01
2.700000000000000178e+00 1.354471481010443057e+01
2.700000000000000178e+00 1.354471481010524059e+01
2.700000000000000178e+00 1.366924219129069051e+01
2.700000000000000178e+00 1.366924219129072782e+01
2.700000000000000178e+00 1.402593140924067328e+01
2.700000000000000178e+00 1.402593140924117776e+01
2.700000000000000178e+00 1.441395395077075037e+01
2.700000000000000178e+00 1.441395395077088715e+01
2.700000000000000178e+00 1.450664224041526396e+01
2.700000000000000178e+00 1.450664224041592831e+01
2.700000000000000178e+00 1.472961267440376787e+01
2.700000000000000178e+00 1.472961267440382649e+01
2.700000000000000178e+00 1.474462975819596799e+01
2.700000000000000178e+00 1.474462975819618649e+01
2.700000000000000178e+00 1.478334345990470311e+01
2.700000000000000178e+00 1.478334345990513832e+01
2.700000000000000178e+00 1.495909612788486420e+01
2.700000000000000178e+00 1.495909612788494414e+01
1.699999999999999956e+00 0.000000000000000000e+00
1.699999999999999956e+00 5.844214001626824029e-13
1.699999999999999956e+00 9.600027943020528198e-02
1.699999999999999956e+00 1.000361290971399519e+01
1.699999999999999956e+00 1.000361290971427231e+01
1.699999999999999956e+00 1.014687306290080393e+01
1.699999999999999956e+00 1.014687306290129065e+01
1.699999999999999956e+00 1.056968344480924848e+01
1.699999999999999956e+00 1.056968344480936217e+01
1.699999999999999956e+00 1.097926116607582969e+01
1.699999999999999956e+00 1.097926116607585811e+01
1.699999999999999956e+00 1.116122590249638513e+01
1.699999999999999956e+00 1.230051444573598474e+01
1.699999999999999956e+00 1.230051444573636488e+01
1.699999999999999956e+00 1.292829585745612775e+01
1.699999999999999956e+00 1.292829585745612775e+01
1.699999999999999956e+00 1.328777231341238974e+01
1.699999999999999956e+00 1.328777231341297238e+01
1.699999999999999956e+00 1.354018448742328218e+01
1.699999999999999956e+00 1.354018448742396430e+01
1.699999999999999956e+00 1.376837622261997574e+01
1.699999999999999956e+00 1.376837622262087280e+01
1.699999999999999956e+00 1.389291738629040651e+01
1.699999999999999956e+00 1.396626854665812978e+01
1.699999999999999956e+00 1.396626854665819906e+01
1.699999999999999956e+00 1.400971983552640054e+01
1.699999999999999956e+00 1.400971983552691924e+01
1.699999999999999956e+00 1.408585062085376194e+01
1.699999999999999956e+00 1.420116318234150299e+01
1.699999999999999956e+00 1.420116318234194352e+01
1.699999999999999956e+00 1.448425226902796936e+01
1.699999999999999956e+00 1.451198611458087839e+01
1.699999999999999956e+00 1.451198611458190513e+01
1.699999999999999956e+00 1.466444409219263534e+01
1.699999999999999956e+00 1.466444409219331035e+01
1.699999999999999956e+00 1.473987697781768169e+01
1.699999999999999956e+00 1.473987697781898021e+01
1.699999999999999956e+00 1.487037659751523044e+01
1.699999999999999956e+00 1.487037659751581842e+01
1.699999999999999956e+00 1.498852437014474148e+01
1.699999999999999956e+00 1.498852437014502215e+01
0.000000000000000000e+00 0.000000000000000000e+00
0.000000000000000000e+00 0.000000000000000000e+00
0.000000000000000000e+00 0.000000000000000000e+00
5.999999999999999778e-01 0.000000000000000000e+00
5.999999999999999778e-01 2.926547892911912641e-13
5.999999999999999778e-01 1.523075790457184553e-04
2.000000000000000000e+00 0.000000000000000000e+00
2.000000000000000000e+00 5.329070518200751394e-15
2.000000000000000000e+00 2.442697991414526371e-01
2.000000000000000000e+00 8.652693353183826375e+00
2.000000000000000000e+00 8.652693353183996905e+00
2.000000000000000000e+00 8.807137193446001433e+00
2.000000000000000000e+00 8.807137193446910928e+00
2.000000000000000000e+00 9.465365331272307614e+00
2.000000000000000000e+00 9.465365331272421301e+00
2.000000000000000000e+00 1.014009541329114761e+01
2.000000000000000000e+00 1.014009541329177289e+01
2.000000000000000000e+00 1.044037629715547943e+01
2.000000000000000000e+00 1.139516892518865632e+01
2.000000000000000000e+00 1.139516892518908442e+01
2.000000000000000000e+00 1.206537965254118561e+01
2.000000000000000000e+00 1.206537965254120870e+01
2.000000000000000000e+00 1.257920393144360638e+01
2.000000000000000000e+00 1.257920393144488358e+01
2.000000000000000000e+00 1.281296209906926009e+01
2.000000000000000000e+00 1.281296209907006656e+01
2.000000000000000000e+00 1.284404515509694100e+01
2.000000000000000000e+00 1.284404515509723055e+01
2.000000000000000000e+00 1.304840048512600070e+01
2.000000000000000000e+00 1.305108014770744873e+01
2.000000000000000000e+00 1.317209266870210804e+01
2.000000000000000000e+00 1.317209266870334616e+01
2.000000000000000000e+00 1.318089230890935148e+01
2.000000000000000000e+00 1.318089230890969077e+01
2.000000000000000000e+00 1.367160510990586353e+01
2.000000000000000000e+00 1.367160510990739475e+01
2.000000000000000000e+00 1.370312269965371677e+01
2.000000000000000000e+00 1.370312269965547003e+01
2.000000000000000000e+00 1.392066256521019874e+01
2.000000000000000000e+00 1.392066256521045453e+01
2.000000000000000000e+00 1.419905122417743293e+01
2.000000000000000000e+00 1.419905122417757326e+01
2.000000000000000000e+00 1.432933635983322418e+01
2.000000000000000000e+00 1.432933635983336451e+01
2.000000000000000000e+00 1.440940944303515714e+01
2.000000000000000000e+00 1.462888105622654322e+01
2.000000000000000000e+00 1.462888105622738166e+01
2.000000000000000000e+00 1.465434956976828218e+01
2.000000000000000000e+00 1.465434956976879555e+01
2.000000000000000000e+00 1.479405685134342363e+01
2.000000000000000000e+00 1.479405685134372916e+01
2.000000000000000000e+00 1.485859209223838917e+01
2.000000000000000000e+00 1.485859209224060606e+01
2.000000000000000000e+00 1.493910820825710317e+01
2.000000000000000000e+00 1.493910820825773911e+01
2.299999999999999822e+00 0.000000000000000000e+00
2.299999999999999822e+00 9.414691248821327463e-14
2.299999999999999822e+00 5.201105441241278271e-01
2.299999999999999822e+00 7.506105793195800402e+00
2.299999999999999822e+00 7.506105793196397258e+00
2.299999999999999822e+00 7.734564662090292586e+00
2.299999999999999822e+00 7.734564662090775755e+00
2.299999999999999822e+00 8.548532830959047146e+00
2.299999999999999822e+00 8.548532830959828743e+00
2.299999999999999822e+00 9.530655030611292489e+00
2.299999999999999822e+00 9.530655030612338763e+00
2.299999999999999822e+00 9.983281365177020916e+00
2.299999999999999822e+00 1.092464438099383273e+01
2.299999999999999822e+00 1.092464438099440827e+01
2.299999999999999822e+00 1.141448330560774238e+01
2.299999999999999822e+00 1.141448330560787738e+01
2.299999999999999822e+00 1.208044992122747097e+01
2.299999999999999822e+00 1.208044992122799322e+01
2.299999999999999822e+00 1.215604611900649523e+01
2.299999999999999822e+00 1.215604611900695353e+01
2.299999999999999822e+00 1.225583916797856610e+01
2.299999999999999822e+00 1.228942463524219164e+01
2.299999999999999822e+00 1.228942463524244388e+01
2.299999999999999822e+00 1.244315004085039433e+01
2.299999999999999822e+00 1.263915912171692213e+01
2.299999999999999822e+00 1.263915912171703582e+01
2.299999999999999822e+00 1.265465456966828661e+01
2.299999999999999822e+00 1.265465456966848912e+01
2.299999999999999822e+00 1.298650337575988090e+01
2.299999999999999822e+00 1.298650337575998925e+01
2.299999999999999822e+00 1.301847548783021224e+01
2.299999999999999822e+00 1.301847548783063857e+01
2.299999999999999822e+00 1.373433101339146667e+01
2.299999999999999822e+00 1.373433101339213280e+01
2.299999999999999822e+00 1.375220998895292901e+01
2.299999999999999822e+00 1.375220998895360580e+01
2.299999999999999822e+00 1.416793019657942487e+01
2.299999999999999822e+00 1.416793019657982455e+01
2.299999999999999822e+00 1.435876160361658727e+01
2.299999999999999822e+00 1.435876160361716458e+01
2.299999999999999822e+00 1.437141165945963195e+01
2.299999999999999822e+00 1.437141165945963728e+01
2.299999999999999822e+00 1.449218163944120619e+01
2.299999999999999822e+00 1.449218163944125948e+01
2.299999999999999822e+00 1.454006155206055695e+01
2.299999999999999822e+00 1.454006155206084827e+01
2.299999999999999822e+00 1.458971923781827229e+01
2.299999999999999822e+00 1.458971923781838065e+01
2.299999999999999822e+00 1.463175429519086990e+01
2.299999999999999822e+00 1.491065444767024673e+01
2.299999999999999822e+00 1.491065444767089687e+01
2.000000000000000111e-01 0.000000000000000000e+00
2.000000000000000111e-01 4.423544863740858091e-13
2.000000000000000111e-01 1.715166640658960517e-07
1.899999999999999911e+00 0.000000000000000000e+00
1.899999999999999911e+00 1.776356839400250465e-14
1.899999999999999911e+00 1.828773662205307460e-01
1.899999999999999911e+00 9.084541250411131585e+00
1.899999999999999911e+00 9.084541250411421132e+00
1.899999999999999911e+00 9.231324829143925825e+00
1.899999999999999911e+00 9.231324829145226118e+00
1.899999999999999911e+00 9.816030609291196640e+00
1.899999999999999911e+00 9.816030609291646059e+00
1.899999999999999911e+00 1.039631042721021004e+01
1.899999999999999911e+00 1.039631042721022958e+01
1.899999999999999911e+00 1.065302749267424787e+01
1.899999999999999911e+00 1.164930646758726063e+01
1.899999999999999911e+00 1.164930646758829447e+01
1.899999999999999911e+00 1.233300678354129687e+01
1.899999999999999911e+00 1.233300678354188662e+01
1.899999999999999911e+00 1.279409382625023817e+01
1.899999999999999911e+00 1.279409382625052061e+01
1.899999999999999911e+00 1.306354647559273729e+01
1.899999999999999911e+00 1.306354647559349047e+01
1.899999999999999911e+00 1.310419970475977891e+01
1.899999999999999911e+00 1.310419970476036156e+01
1.899999999999999911e+00 1.330803332057709909e+01
1.899999999999999911e+00 1.337516666726240544e+01
1.899999999999999911e+00 1.341063028620803266e+01
1.899999999999999911e+00 1.341063028620826003e+01
1.899999999999999911e+00 1.342965242455840169e+01
1.899999999999999911e+00 1.342965242455893637e+01
1.899999999999999911e+00 1.393843869529716883e+01
1.899999999999999911e+00 1.393843869529883150e+01
1.899999999999999911e+00 1.399488691705242616e+01
1.899999999999999911e+00 1.399488691705402132e+01
1.899999999999999911e+00 1.399979379434853044e+01
1.899999999999999911e+00 1.399979379434888926e+01
1.899999999999999911e+00 1.440239663865271247e+01
1.899999999999999911e+00 1.440569133426874515e+01
1.899999999999999911e+00 1.440569133426889792e+01
1.899999999999999911e+00 1.444206171528290739e+01
1.899999999999999911e+00 1.444206171528413662e+01
1.899999999999999911e+00 1.474340644911186260e+01
1.899999999999999911e+00 1.474340644911211839e+01
1.899999999999999911e+00 1.480968735058274355e+01
1.899999999999999911e+00 1.480968735058323205e+01
1.899999999999999911e+00 1.494473833642926053e+01
1.899999999999999911e+00 1.494473833643058747e+01
4.000000000000000000e+00 0.000000000000000000e+00
4.000000000000000000e+00 8.668621376273222268e-13
4.000000000000000000e+00 4.641272840499087948e+00
4.000000000000000000e+00 5.417865753522569605e+00
4.000000000000000000e+00 5.417865753523312122e+00
4.000000000000000000e+00 7.455091260222005189e+00
4.000000000000000000e+00 7.455091260222221905e+00
4.000000000000000000e+00 7.594335803460591450e+00
4.000000000000000000e+00 7.594335803461447654e+00
4.000000000000000000e+00 1.024944254401199117e+01
4.000000000000000000e+00 1.024944254401335186e+01
4.000000000000000000e+00 1.143170139357392401e+01
4.000000000000000000e+00 1.200901106187161460e+01
4.000000000000000000e+00 1.200901106187191658e+01
4.000000000000000000e+00 1.288053214218566112e+01
4.000000000000000000e+00 1.288053214218599507e+01
4.000000000000000000e+00 1.317695232991956544e+01
4.000000000000000000e+00 1.342293607336475603e+01
4.000000000000000000e+00 1.342293607336520722e+01
4.000000000000000000e+00 1.350761108384961062e+01
4.000000000000000000e+00 1.350761108384998721e+01
4.000000000000000000e+00 1.391356130980458872e+01
4.000000000000000000e+00 1.393118135148192138e+01
4.000000000000000000e+00 1.393118135148276693e+01
4.000000000000000000e+00 1.412903981781743923e+01
4.000000000000000000e+00 1.412903981781754936e+01
4.000000000000000000e+00 1.458787430081684988e+01
4.000000000000000000e+00 1.458787430081814662e+01
4.000000000000000000e+00 1.462037673490139866e+01
4.000000000000000000e+00 1.462037673490173972e+01
4.000000000000000000e+00 1.468999057926027874e+01
4.000000000000000000e+00 1.468999057926121310e+01
9.000000000000000222e-01 0.000000000000000000e+00
9.000000000000000222e-01 5.258016244624741375e-13
9.000000000000000222e-01 1.931379916541686725e-03
9.000000000000000222e-01 1.389235014937501411e+01
9.000000000000000222e-01 1.389235014937527701e+01
9.000000000000000222e-01 1.393915832374531227e+01
9.000000000000000222e-01 1.393915832374645802e+01
9.000000000000000222e-01 1.396747308711231739e+01
9.000000000000000222e-01 1.396747308711233337e+01
9.000000000000000222e-01 1.400991419080478551e+01
9.000000000000000222e-01 1.400991419080483702e+01
9.000000000000000222e-01 1.403942802847000770e+01
3.600000000000000089e+00 0.000000000000000000e+00
3.600000000000000089e+00 1.421085471520200372e-14
3.600000000000000089e+00 3.434105804595937173e+00
3.600000000000000089e+00 5.427579764293145814e+00
3.600000000000000089e+00 5.427579764293447795e+00
3.600000000000000089e+00 7.017244657592911494e+00
3.600000000000000089e+00 7.017244657592922152e+00
3.600000000000000089e+00 7.256611222014953455e+00
3.600000000000000089e+00 7.256611222015337148e+00
3.600000000000000089e+00 9.638338585012384385e+00
3.600000000000000089e+00 9.638338585012540705e+00
3.600000000000000089e+00 1.074622592870752413e+01
3.600000000000000089e+00 1.141113942145822335e+01
3.600000000000000089e+00 1.141113942145831572e+01
3.600000000000000089e+00 1.229889588064346739e+01
3.600000000000000089e+00 1.229889588064472505e+01
3.600000000000000089e+00 1.230999032830171913e+01
3.600000000000000089e+00 1.263793162727134600e+01
3.600000000000000089e+00 1.263793162727226616e+01
3.600000000000000089e+00 1.284552605967804340e+01
3.600000000000000089e+00 1.284552605967978423e+01
3.600000000000000089e+00 1.301243237680790443e+01
3.600000000000000089e+00 1.301243237680817444e+01
3.600000000000000089e+00 1.303513719555051509e+01
3.600000000000000089e+00 1.321050398187793107e+01
3.600000000000000089e+00 1.321050398188046771e+01
3.600000000000000089e+00 1.333446431403938703e+01
3.600000000000000089e+00 1.333446431404025034e+01
3.600000000000000089e+00 1.362635051309596790e+01
3.600000000000000089e+00 1.362635051309810308e+01
3.600000000000000089e+00 1.371271500967296575e+01
3.600000000000000089e+00 1.371271500967366919e+01
3.600000000000000089e+00 1.471316982974725640e+01
3.600000000000000089e+00 1.471316982974806642e+01
3.600000000000000089e+00 1.487250913052833923e+01
3.600000000000000089e+00 1.487250913052927714e+01
3.600000000000000089e+00 1.492261366977978909e+01
3.600000000000000089e+00 1.492261366977979620e+01
