0.000000 43.611081
0.100000 43.602960
0.200000 43.570477
0.300000 43.521752
0.400000 43.456786
0.500000 43.367457
0.600000 43.270007
0.700000 43.156316
0.800000 43.026383
0.900000 42.896450
1.000000 42.750275
1.100000 42.604100
1.200000 42.449805
1.300000 42.311751
1.400000 42.173697
1.500000 42.051885
1.600000 41.962556
1.700000 41.889469
1.800000 41.865107
1.900000 41.897590
2.000000 41.986919
2.100000 42.149335
2.200000 42.409201
2.300000 42.758396
2.400000 43.221282
2.500000 43.805981
2.600000 44.512491
2.700000 45.332693
2.800000 46.266587
2.900000 47.306051
3.000000 48.434843
3.100000 49.628603
3.200000 50.879208
3.300000 52.178538
3.400000 53.494109
3.500000 54.825923
3.600000 56.165857
3.700000 57.513911
3.800000 58.853845
3.900000 60.193779
4.000000 61.525593
