0.000000000000000000e+00 4.116020801040052390e+01
1.000000000000000056e-01 4.116020801040052390e+01
2.000000000000000111e-01 4.117015850792540022e+01
2.999999999999999889e-01 4.117015850792540022e+01
4.000000000000000222e-01 4.118010900545027653e+01
5.000000000000000000e-01 4.119005950297515284e+01
5.999999999999999778e-01 4.122986149307465809e+01
6.999999999999999556e-01 4.128956447822390885e+01
8.000000000000000444e-01 4.137911895594779565e+01
9.000000000000000222e-01 4.151842592129606402e+01
1.000000000000000000e+00 4.172738636931846656e+01
1.100000000000000089e+00 4.201595079753987960e+01
1.199999999999999956e+00 4.241397069853492496e+01
1.300000000000000044e+00 4.294134706735336948e+01
1.399999999999999911e+00 4.361798089904495157e+01
1.500000000000000000e+00 4.447372368618430727e+01
1.600000000000000089e+00 4.551852592629631289e+01
1.699999999999999956e+00 4.677228861443072105e+01
1.800000000000000044e+00 4.821511075553777914e+01
1.899999999999999911e+00 4.982709135456772742e+01
2.000000000000000000e+00 5.171768588429421243e+01
2.100000000000000089e+00 5.338936946847343279e+01
2.200000000000000178e+00 5.525011250562528176e+01
2.299999999999999822e+00 5.713075653782689045e+01
2.399999999999999911e+00 5.899149957497875363e+01
2.500000000000000000e+00 6.082239111955598077e+01
2.600000000000000089e+00 6.263338166908344817e+01
2.700000000000000178e+00 6.440457022851143165e+01
2.799999999999999822e+00 6.614590729536476488e+01
2.899999999999999911e+00 6.786734336716835969e+01
3.000000000000000000e+00 6.955892794639731846e+01
3.100000000000000089e+00 7.124056202810140803e+01
3.200000000000000178e+00 7.290229511475574498e+01
3.299999999999999822e+00 7.455407770388519850e+01
3.399999999999999911e+00 7.619590979548978282e+01
3.500000000000000000e+00 7.782779138956948373e+01
3.600000000000000089e+00 7.945967298364918463e+01
3.700000000000000178e+00 8.108160408020401633e+01
3.799999999999999822e+00 8.268363418170908119e+01
3.899999999999999911e+00 8.432546627331366551e+01
4.000000000000000000e+00 8.594739736986849721e+01
