0.000000 44.040562
0.100000 44.044162
0.200000 44.054962
0.300000 44.080163
0.400000 44.126965
0.500000 44.191768
0.600000 44.292572
0.700000 44.429377
0.800000 44.616585
0.900000 44.861394
1.000000 45.181807
1.100000 45.581423
1.200000 46.074643
1.300000 46.668667
1.400000 47.367095
1.500000 48.166327
1.600000 49.066363
1.700000 50.056402
1.800000 51.114845
1.900000 52.234489
2.000000 53.397336
2.100000 54.588984
2.200000 55.802232
2.300000 57.022681
2.400000 58.250330
2.500000 59.481579
2.600000 60.720029
2.700000 61.958478
2.800000 63.207728
2.900000 64.460578
3.000000 65.727829
3.100000 67.005880
3.200000 68.298332
3.300000 69.605184
3.400000 70.922837
3.500000 72.262090
3.600000 73.612144
3.700000 74.976599
3.800000 76.355454
3.900000 77.745110
4.000000 79.149166
