0.000000000000000000e+00 2.432249289971598927e+01
1.000000000000000056e-01 2.432961318452738197e+01
2.000000000000000111e-01 2.435097403896156010e+01
2.999999999999999889e-01 2.439725589023560914e+01
4.000000000000000222e-01 2.447201888075523257e+01
5.000000000000000000e-01 2.459306372254890150e+01
5.999999999999999778e-01 2.477819112764510834e+01
6.999999999999999556e-01 2.504520180807232421e+01
8.000000000000000444e-01 2.541901676067042715e+01
9.000000000000000222e-01 2.591031641265650620e+01
1.000000000000000000e+00 2.650486019440777952e+01
1.100000000000000089e+00 2.716348653946158009e+01
1.199999999999999956e+00 2.781143245729829161e+01
1.300000000000000044e+00 2.835613424536981597e+01
1.399999999999999911e+00 2.870502820112804798e+01
1.500000000000000000e+00 2.881895275811032420e+01
1.600000000000000089e+00 2.872638905556222255e+01
1.699999999999999956e+00 2.860534421376855008e+01
1.800000000000000044e+00 2.870502820112804798e+01
1.899999999999999911e+00 2.917140685627425256e+01
2.000000000000000000e+00 2.995819832793311832e+01
2.100000000000000089e+00 3.097639905596223997e+01
2.200000000000000178e+00 3.214412576503060137e+01
2.299999999999999822e+00 3.340797631905276432e+01
2.399999999999999911e+00 3.473590943637745454e+01
2.500000000000000000e+00 3.610656426257050100e+01
2.600000000000000089e+00 3.750570022800912540e+01
2.700000000000000178e+00 3.891907676307052100e+01
2.799999999999999822e+00 4.035025401016040547e+01
2.899999999999999911e+00 4.178499139965598630e+01
3.000000000000000000e+00 4.322684907396295984e+01
3.100000000000000089e+00 4.466870674826993337e+01
3.200000000000000178e+00 4.611412456498260326e+01
3.299999999999999822e+00 4.756310252410096240e+01
3.399999999999999911e+00 4.900496019840793593e+01
3.500000000000000000e+00 5.045037801512060582e+01
3.600000000000000089e+00 5.189223568942757936e+01
3.700000000000000178e+00 5.333409336373456000e+01
3.799999999999999822e+00 5.477239089563583008e+01
3.899999999999999911e+00 5.621068842753710015e+01
4.000000000000000000e+00 5.764186567462697752e+01
