0.000000000000000000e+00 2.809520476023801194e+01
1.000000000000000056e-01 2.808525426271313563e+01
2.000000000000000111e-01 2.807530376518825932e+01
2.999999999999999889e-01 2.805540277013850670e+01
4.000000000000000222e-01 2.803550177508875407e+01
5.000000000000000000e-01 2.803550177508875407e+01
5.999999999999999778e-01 2.806535326766338301e+01
6.999999999999999556e-01 2.813500675033751719e+01
8.000000000000000444e-01 2.829421471073553818e+01
9.000000000000000222e-01 2.857282864143206780e+01
1.000000000000000000e+00 2.904050202510125445e+01
1.199999999999999956e+00 3.078183909195459833e+01
1.399999999999999911e+00 3.374708735436772145e+01
1.600000000000000089e+00 3.722976148807440211e+01
1.800000000000000044e+00 4.046367318365918209e+01
2.000000000000000000e+00 4.329956497824891670e+01
2.200000000000000178e+00 4.579713985699284962e+01
2.399999999999999911e+00 4.805590279513975815e+01
2.600000000000000089e+00 5.013555677783889308e+01
2.799999999999999822e+00 5.208585429271463596e+01
3.000000000000000000e+00 5.393664683234161572e+01
3.200000000000000178e+00 5.573768688434422103e+01
3.399999999999999911e+00 5.748897444872243767e+01
3.600000000000000089e+00 5.921041052052601827e+01
