0.000000000000000000e+00 3.312020601030051381e+01
1.000000000000000056e-01 3.312020601030051381e+01
2.000000000000000111e-01 3.315005750287514275e+01
2.999999999999999889e-01 3.318985949297464799e+01
4.000000000000000222e-01 3.326946347317365849e+01
5.000000000000000000e-01 3.338886944347217423e+01
5.999999999999999778e-01 3.356797839891994784e+01
6.999999999999999556e-01 3.382669133456673194e+01
8.000000000000000444e-01 3.419485974298714837e+01
9.000000000000000222e-01 3.468243412170608764e+01
1.000000000000000000e+00 3.529936496824841186e+01
1.100000000000000089e+00 3.609540477023850968e+01
1.199999999999999956e+00 3.701085054252713036e+01
1.300000000000000044e+00 3.804570228511425967e+01
1.399999999999999911e+00 3.919000950047502130e+01
1.500000000000000000e+00 4.039401970098504790e+01
1.600000000000000089e+00 4.165773288664433238e+01
1.699999999999999956e+00 4.295129756487824579e+01
1.800000000000000044e+00 4.426476323816191183e+01
1.899999999999999911e+00 4.558817940897044707e+01
2.000000000000000000e+00 4.692154607730386573e+01
2.100000000000000089e+00 4.825491274563728439e+01
2.200000000000000178e+00 4.959822991149557225e+01
2.299999999999999822e+00 5.094154707735386722e+01
2.399999999999999911e+00 5.228486424321216219e+01
2.500000000000000000e+00 5.363813190659534058e+01
2.600000000000000089e+00 5.500135006750337396e+01
2.700000000000000178e+00 5.635461773088655235e+01
2.799999999999999822e+00 5.772778638931946915e+01
2.899999999999999911e+00 5.909100455022750253e+01
3.000000000000000000e+00 6.047412370618530986e+01
