0.000000 30.688317
0.100000 30.688317
0.200000 30.734257
0.300000 30.803168
0.400000 30.918020
0.500000 31.101782
0.600000 31.354455
0.800000 32.181386
0.900000 32.801584
1.000000 33.605545
1.100000 34.570297
1.200000 35.718812
1.300000 36.982178
1.400000 38.314455
1.500000 39.669703
1.600000 41.024950
1.700000 42.334257
1.800000 43.597624
1.900000 44.792079
2.000000 45.917624
2.100000 46.997228
2.200000 48.030891
2.300000 49.018614
2.400000 49.983366
2.500000 50.902178
2.600000 51.820990
2.700000 52.739802
2.800000 53.635644
2.900000 54.554455
3.000000 55.450297
