7.000000000000000666e-02  8.405933771947664468e+01
7.031746031746032022e-02  8.816506838780770750e+01
7.063492063492064765e-02  9.251377892918790735e+01
7.095238095238096121e-02  9.710255907396887665e+01
7.126984126984127477e-02  1.019833937425968031e+02
7.158730158730158832e-02  1.071705770076499533e+02
7.190476190476191576e-02  1.126906153850350449e+02
7.222222222222222932e-02  1.185709124273956405e+02
7.253968253968254287e-02  1.248470522512668452e+02
7.285714285714285643e-02  1.315343335525285795e+02
7.317460317460318386e-02  1.387210194741045939e+02
7.349206349206349742e-02  1.464149001575430020e+02
7.380952380952381098e-02  1.547288310930179591e+02
7.412698412698412453e-02  1.637192292059582144e+02
7.444444444444445197e-02  1.734215548614902218e+02
7.476190476190476553e-02  1.839895561225197582e+02
7.507936507936507908e-02  1.954529614251271425e+02
7.539682539682540652e-02  2.079995563448640894e+02
7.571428571428572007e-02  2.217927530924128234e+02
7.603174603174603363e-02  2.369853702016533248e+02
7.634920634920634719e-02  2.537837590602940452e+02
7.666666666666667462e-02  2.724925921534475037e+02
7.698412698412698818e-02  2.934422483518466720e+02
7.730158730158730174e-02  3.170673446087211573e+02
7.761904761904761529e-02  3.439137749678961313e+02
7.793650793650794273e-02  3.745278282094482165e+02
7.825396825396825629e-02  4.099570171930454308e+02
7.857142857142856984e-02  4.510815189593310492e+02
7.888888888888889728e-02  4.994897835466184119e+02
7.920634920634921083e-02  5.567071879897061990e+02
7.952380952380952439e-02  6.249259400496860053e+02
7.984126984126983795e-02  7.062654365036003128e+02
8.015873015873016538e-02  8.036135723857368021e+02
8.047619047619047894e-02  9.193187037972861617e+02
8.079365079365079250e-02  1.055811684827460113e+03
8.111111111111110605e-02  1.213696950156027697e+03
8.142857142857143349e-02  1.390802780181388925e+03
8.174603174603174705e-02  1.580759067647646361e+03
8.206349206349206060e-02  1.771988805076485960e+03
8.238095238095238804e-02  1.948612529231774488e+03
8.269841269841270159e-02  2.090449688582812087e+03
8.301587301587301515e-02  2.179282496003541382e+03
8.333333333333332871e-02  2.202077834816649556e+03
8.365079365079365614e-02  2.156691740026879870e+03
8.396825396825396970e-02  2.051388926452963915e+03
8.428571428571428326e-02  1.901892172047254007e+03
8.460317460317459681e-02  1.727633902387715580e+03
8.492063492063492425e-02  1.546566196156905335e+03
8.523809523809523780e-02  1.372050583239453317e+03
8.555555555555555136e-02  1.212637432917695378e+03
8.587301587301587880e-02  1.072308364985251956e+03
8.619047619047619235e-02  9.517113423547807542e+02
8.650793650793650591e-02  8.500518417469481847e+02
8.682539682539681947e-02  7.651232464850496626e+02
8.714285714285713302e-02  6.944461236104046975e+02
8.746031746031746046e-02  6.356395352430603225e+02
8.777777777777777402e-02  5.866348063973168792e+02
8.809523809523808757e-02  5.455928958109883524e+02
8.841269841269841501e-02  5.108823501641323332e+02
8.873015873015872856e-02  4.813969559624588328e+02
8.904761904761904212e-02  4.560398391459200980e+02
8.936507936507936956e-02  4.341132758981813140e+02
8.968253968253968311e-02  4.148911451061496223e+02
8.999999999999999667e-02  3.980580341346837940e+02
