2.693548387096774549e-02  2.207084993085024962e+02
2.725806451612903386e-02  2.231218369573251437e+02
2.758064516129032570e-02  2.371812540117844890e+02
2.790322580645161407e-02  2.746185201537522289e+02
2.822580645161290591e-02  3.583195037476869516e+02
2.854838709677419428e-02  5.270904292632498027e+02
2.887096774193548612e-02  8.278291117668387642e+02
2.919354838709677796e-02  1.323193956487966943e+03
2.951612903225806633e-02  1.951447874163021652e+03
2.983870967741935817e-02  2.406021003837650824e+03
3.016129032258064654e-02  2.143494005357964397e+03
3.048387096774193838e-02  1.431488421747970733e+03
3.080645161290322676e-02  9.243313237195122838e+02
3.112903225806451860e-02  6.714690327660350704e+02
3.145161290322581044e-02  5.533480009285733558e+02
3.177419354838709881e-02  4.933588121375001379e+02
3.209677419354838718e-02  4.578936334881607308e+02
3.241935483870968249e-02  4.335192936012222162e+02
3.274193548387097086e-02  4.148150859879070822e+02
3.306451612903225923e-02  3.994996606665377499e+02
3.338709677419354760e-02  3.865037227893265595e+02
3.370967741935484291e-02  3.752552874249685146e+02
3.403225806451613128e-02  3.653401206936256926e+02
3.435483870967742659e-02  3.565102088946414938e+02
3.467741935483871496e-02  3.486251661363582457e+02
3.500000000000000333e-02  3.415309364090160216e+02
3.653231009178967148e-02  3.135730021601267481e+02
3.785019694238021815e-02  2.972851314954174313e+02
3.921562597540037554e-02  2.844270958480690297e+02
4.063031225395224988e-02  2.742387726296614119e+02
4.209603271127709823e-02  2.655446193764822738e+02
4.361462838269316439e-02  2.577530519121071961e+02
4.518800671804957397e-02  2.505408807285901105e+02
4.681814397760104135e-02  2.438551063859933379e+02
4.850708771431266886e-02  2.379094891641952927e+02
5.025695934571277473e-02  2.324137152278972280e+02
5.206995681852420038e-02  2.273248483552793573e+02
5.394835736942098919e-02  2.225834643878251029e+02
5.589452038537812834e-02  2.180380427308356275e+02
5.791089036720716704e-02  2.136045084411395578e+02
5.999999999999999778e-02  2.091993820957011962e+02
