7.000000000000000666e-02  3.538772558831438459e+02 
7.047619047619048394e-02  3.827764268941057821e+02 
7.095238095238096121e-02  4.145230394064665234e+02 
7.142857142857143848e-02  4.493989528194068725e+02 
7.190476190476191576e-02  4.879979398094214389e+02 
7.238095238095239303e-02  5.308350795829006756e+02 
7.285714285714287031e-02  5.785874496129944191e+02 
7.333333333333333370e-02  6.320008102127097800e+02 
7.380952380952381098e-02  6.921497688868106479e+02 
7.428571428571428825e-02  7.602207435807489446e+02 
7.476190476190476553e-02  8.372413692068322462e+02 
7.523809523809524280e-02  9.248694071028082817e+02 
7.571428571428572007e-02  1.025292648883763832e+03 
7.619047619047619735e-02  1.140667343520180566e+03 
7.666666666666667462e-02  1.273956407734768618e+03 
7.714285714285715190e-02  1.428561520792124838e+03 
7.761904761904762917e-02  1.609635852122905135e+03 
7.809523809523810645e-02  1.824020054454514138e+03 
7.857142857142858372e-02  2.083916195906882876e+03 
7.904761904761906099e-02  2.408144696697289874e+03 
7.952380952380952439e-02  2.830125196484282242e+03 
8.000000000000000167e-02  3.410736004007048905e+03 
8.047619047619047894e-02  4.270951403243305322e+03 
8.095238095238095621e-02  5.669656857167558883e+03 
8.142857142857143349e-02  8.038629975414121873e+03 
8.190476190476191076e-02  1.138967127504588461e+04 
8.238095238095238804e-02  1.334339004991290858e+04 
8.285714285714286531e-02  1.138912967442203808e+04 
8.333333333333334259e-02  7.911626183420417874e+03 
8.380952380952381986e-02  5.467928780010930495e+03 
8.428571428571429713e-02  4.123931572823662464e+03 
8.476190476190477441e-02  3.374966975958637704e+03 
8.523809523809525168e-02  2.915420793444507581e+03 
8.571428571428571508e-02  2.602491529058250762e+03 
8.619047619047619235e-02  2.369155120561101739e+03 
8.666666666666666963e-02  2.185455789271543381e+03 
8.714285714285714690e-02  2.034650295687495372e+03 
8.761904761904762418e-02  1.908546721614789021e+03 
8.809523809523810145e-02  1.800057471735665331e+03 
8.857142857142857872e-02  1.705735219980741931e+03 
8.904761904761905600e-02  1.622614999056150054e+03 
8.952380952380953327e-02  1.548990762852922217e+03 
9.000000000000001055e-02  1.482875045434927642e+03 
9.047619047619048782e-02  1.423275412636656256e+03 
9.095238095238095122e-02  1.369099084178413705e+03 
9.142857142857144237e-02  1.319645674184357176e+03 
9.190476190476190577e-02  1.274488716177461583e+03 
9.238095238095238304e-02  1.232993013510267474e+03 
9.285714285714286031e-02  1.194566496435177896e+03 
9.333333333333333759e-02  1.158999471796904572e+03 
9.380952380952381486e-02  1.125929544208339621e+03 
9.428571428571429214e-02  1.095025336076535268e+03 
9.476190476190476941e-02  1.066185883815606758e+03 
9.523809523809524669e-02  1.039184266091789596e+03 
9.571428571428572396e-02  1.013860668747202908e+03 
9.619047619047620123e-02  9.898956451505133600e+02 
9.666666666666667851e-02  9.673698784453474673e+02 
9.714285714285714191e-02  9.460059878139220473e+02 
9.761904761904763306e-02  9.258693471245114779e+02 
9.809523809523809645e-02  9.068563791230328661e+02 
9.857142857142857373e-02  8.886023238144786092e+02 
9.904761904761905100e-02  8.713550260505767255e+02 
9.952380952380952828e-02  8.548467571757528276e+02 
1.000000000000000056e-01  8.391735818237066269e+02 
