0.0700000000 194.4966722584
0.0703174603 201.8327803200
0.0706349206 214.7134421666
0.0709523810 222.6258012444
0.0712698413 233.8321146169
0.0715873016 243.2786833323
0.0719047619 265.3143557859
0.0722222222 277.0816071212
0.0725396825 290.9860239794
0.0728571429 299.3412007839
0.0731746032 323.4638359313
0.0734920635 351.8384640824
0.0738095238 372.4830930438
0.0741269841 388.3700841988
0.0744444444 414.0532393785
0.0747619048 443.6736883103
0.0750793651 463.8370914621
0.0753968254 510.1413329473
0.0757142857 545.2904826638
0.0760317460 594.1737255952
0.0763492063 626.7061245905
0.0766666667 663.5296013248
0.0769841270 714.1095818798
0.0773015873 769.0571114379
0.0776190476 847.5118880215
0.0779365079 930.9669375094
0.0782539683 1018.8314251606
0.0785714286 1110.6620198778
0.0788888889 1230.2222796135
0.0792063492 1387.7313916536
0.0795238095 1509.9687630385
0.0798412698 1786.4196979325
0.0801587302 2015.9392507916
0.0804761905 2393.9184636597
0.0807936508 2852.9739583065
0.0811111111 3518.7671625461
0.0814285714 4103.5513150961
0.0817460317 5018.4835230465
0.0820634921 5712.4042208142
0.0823809524 6248.7213676583
0.0826984127 6365.8302769172
0.0830158730 5987.3510829569
0.0833333333 5231.7454929203
0.0836507937 4445.8097182083
0.0839682540 3715.3509553424
0.0842857143 3074.0478148866
0.0846031746 2564.4490483370
0.0849206349 2180.6172109806
0.0852380952 1891.3702833602
0.0855555556 1717.4890781644
0.0858730159 1567.4345889063
0.0861904762 1430.3834487391
0.0865079365 1337.9741398275
0.0868253968 1259.1535501025
0.0871428571 1189.5451212897
0.0874603175 1122.8966833270
0.0877777778 1066.4875542575
0.0880952381 1022.7570779360
0.0884126984 999.5753283770
0.0887301587 942.3681994212
0.0890476190 918.4622473739
0.0893650794 903.2275739674
0.0896825397 856.3186598047
0.0900000000 841.8004985117
