0.0100000000 0.0000011642
0.0101829595 0.0067597516
0.0103692664 0.0130358864
0.0105589819 0.0188533094
0.0107521685 0.0243556667
0.0109488897 0.0234154884
0.0111492100 0.0338209282
0.0113531953 0.0544174494
0.0115609128 0.0735633574
0.0117724307 0.0455270105
0.0119878185 0.0536793782
0.0122071470 0.0940755602
0.0124304883 0.1225887677
0.0126579159 0.1704558420
0.0128895044 0.1223788287
0.0131253301 0.2357664079
0.0133654705 0.2234374296
0.0136100045 0.2834395957
0.0138590124 0.3206260357
0.0141125762 0.3790946930
0.0143707791 0.3723950164
0.0146337062 0.5279575149
0.0149014437 0.5779657586
0.0151740797 0.6175005900
0.0154517039 0.7229354878
0.0157344075 0.9337608830
0.0160222834 0.9749782694
0.0163154263 1.1840906889
0.0166139325 1.2485699244
0.0169179001 1.3342855998
0.0172274291 1.4338865743
0.0175426213 1.6705473409
0.0178635802 2.0157902824
0.0181904113 2.0500018186
0.0185232222 2.3039202472
0.0188621221 2.5812457940
0.0192072225 2.7729345938
0.0195586368 3.0886453273
0.0199164806 3.4506319629
0.0202808715 3.7788831402
0.0206519293 4.1003021441
0.0210297759 4.4457048000
0.0214145356 5.0096813292
0.0218063349 5.4186200899
0.0222053025 5.5876429355
0.0226115695 6.6034682143
0.0230252696 7.4994666635
0.0234465388 7.6549552318
0.0238755154 9.1635925938
0.0243123406 10.1383494286
0.0247571579 12.3166491574
0.0252101136 15.5258231866
0.0256713566 19.9918581506
0.0261410384 23.9704402526
0.0266193135 31.5609731643
0.0271063390 41.5833302261
0.0276022752 57.4901308287
0.0281072850 77.3046257488
0.0286215345 104.4501977346
0.0291451926 134.9052477439
0.0296784315 165.9079637808
0.0302214266 187.4260762367
0.0307743562 203.7357538422
0.0313374022 203.1473709640
0.0319107497 191.0333950976
0.0324945872 174.2644207695
0.0330891064 162.6651648161
0.0336945030 147.0832010203
0.0343109759 138.7012826975
0.0349387277 131.6494882698
0.0355779649 125.5128018581
0.0362288975 119.2546281124
0.0368917395 116.9667053589
0.0375667089 110.7088141343
0.0382540275 105.7082555438
0.0389539212 98.4448610967
0.0396666201 95.8674351773
0.0403923585 93.5948406768
0.0411313750 89.5889125332
0.0418839125 85.5335988792
0.0426502184 83.5863528356
0.0434305446 80.0541772199
0.0442251476 78.3375960933
0.0450342886 76.1364661380
0.0458582337 73.9695862183
0.0466972535 73.6734666577
0.0475516241 71.4164886116
0.0484216261 71.0724250821
0.0493075457 69.0220644281
0.0502096740 67.3084594663
0.0511283076 67.8177430341
0.0520637485 66.1375703817
0.0530163041 65.6392236729
0.0539862877 64.2866201334
0.0549740180 62.5449322871
0.0559798198 61.7969955942
0.0570040237 62.3168959817
0.0580469663 60.7082479783
0.0591089906 60.8668752290
0.0601904457 60.0186527999
0.0612916870 58.1389622592
0.0624130765 57.9885325582
0.0635549829 57.2700174410
0.0647177816 57.1911882026
0.0659018548 56.2575278321
0.0671075917 56.0997894600
0.0683353887 55.2576793524
0.0695856495 54.9419460039
0.0708587849 54.1330003544
0.0721552136 54.0697403398
0.0734753616 53.0075393773
0.0748196631 53.3206407806
0.0761885597 51.9301946715
0.0775825017 52.3980950863
0.0790019471 51.8119741106
0.0804473627 50.4535320787
0.0819192234 50.6540504581
0.0834180133 49.7631315282
0.0849442250 48.9693686378
0.0864983601 48.9555854587
0.0880809297 48.9043008181
0.0896924538 48.3224882314
0.0913334623 47.5878656186
0.0930044946 48.0284610040
0.0947061000 47.7449071339
0.0964388379 47.1129765029
0.0982032779 46.4114600873
0.1000000000 45.9201226244
