0.0160000000 9.6397749871
0.0160793911 10.6976875247
0.0161591762 11.1240091522
0.0162393571 11.1093266247
0.0163199359 11.2603459555
0.0164009145 12.2113449316
0.0164822949 12.9461043427
0.0165640791 13.3568874084
0.0166462692 13.5609095860
0.0167288670 14.6087943132
0.0168118747 15.2759943397
0.0168952943 15.9784434344
0.0169791278 16.8355610678
0.0170633773 18.0620650495
0.0171480449 19.1037335709
0.0172331325 20.1369303655
0.0173186424 20.8971331706
0.0174045765 21.6136839511
0.0174909370 23.6413359086
0.0175777261 23.4644979939
0.0176649458 25.4600937993
0.0177525983 26.7730843238
0.0178406857 27.4033897265
0.0179292102 28.7709159777
0.0180181739 30.6555855937
0.0181075791 32.7592718897
0.0181974279 38.9645642523
0.0182877225 42.7935310394
0.0183784652 45.5264743214
0.0184696581 68.8672630137
0.0185613035 92.1040077744
0.0186534037 182.7607022623
0.0187459608 320.3827822720
0.0188389772 712.9883813125
0.0189324552 1586.0665045447
0.0190263970 3065.0202218897
0.0191208049 5046.3792530581
0.0192156813 6919.7401925481
0.0193110284 7990.0046667459
0.0194068487 8191.4776099151
0.0195031444 6200.9716441136
0.0195999179 3526.4201571395
0.0196971716 1777.6970134852
0.0197949078 883.6758149060
0.0198931291 514.3673738289
0.0199918377 332.8508564438
0.0200910361 278.0817769430
0.0201907267 249.4274308131
0.0202909119 224.6963108519
0.0203915943 214.1827343656
0.0204927763 209.6661722798
0.0205944603 212.3547208821
0.0206966488 215.6465758949
0.0207993445 208.3926970691
0.0209025497 202.6142357951
0.0210062669 201.9860964583
0.0211104989 201.8254544659
0.0212152480 200.2614613907
0.0213205169 197.8276906350
0.0214263081 194.8669997978
0.0215326242 196.6703435899
0.0216394679 192.9122888193
0.0217468418 194.8025041446
0.0218547484 190.3223390425
0.0219631904 189.3861442784
0.0220721705 188.2913313660
0.0221816914 183.8746337946
0.0222917557 184.0053595457
0.0224023662 181.7812684250
0.0225135255 183.8790652122
0.0226252364 182.7228111670
0.0227375015 180.9592427248
0.0228503237 179.4828703255
0.0229637058 178.4328916314
0.0230776504 177.8356127987
0.0230776504 177.8356127987
0.0231921604 172.0639118275
0.0233072386 174.3190443157
0.0234228878 172.2714703471
0.0235391109 172.5145622377
0.0236559107 171.2000020115
0.0237732900 171.0271005826
0.0238912517 168.9561911853
0.0240097988 170.3590741934
0.0241289341 168.6226978102
0.0242486605 169.1986645075
0.0243689810 166.1156125762
0.0244898985 164.7004192352
0.0246114160 163.4695066990
0.0247335365 166.6006090061
0.0248562630 165.0663277626
0.0249795984 163.1768142268
0.0251035457 162.5054732387
0.0252281081 159.1993210436
0.0253532886 159.5002214786
0.0254790902 161.0062005530
0.0256055160 157.6580996827
0.0257325692 157.2713334418
0.0258602528 156.9591385181
0.0259885699 157.4787501496
0.0261175237 155.1240388107
0.0262471174 153.3824556265
0.0263773542 154.7030856059
0.0265082371 152.8503993416
0.0266397695 153.4527870001
0.0267719546 149.3433043680
0.0269047955 147.7905157214
0.0270382956 149.2644219319
0.0271724581 149.2111435372
0.0273072864 147.8320545830
0.0274427836 147.6278361003
0.0275789532 146.7568449964
0.0277157984 147.9224279064
0.0278533226 144.7646704719
0.0279915293 146.1769612617
0.0281304217 142.7236566905
0.0282700033 140.9330023500
0.0284102775 142.0000411799
0.0285512477 141.4232973820
0.0286929174 143.9108262796
0.0288352900 141.5488091568
0.0289783691 141.4156752040
0.0291221582 138.1973727195
0.0292666607 139.4267871385
0.0294118803 138.5883245795
0.0295578204 138.1445576617
0.0297044846 137.2504091764
0.0298518766 137.9348884589
