2.800000000000000058e-02  1.816918799648897931e+01  
2.820227615067752783e-02  2.012647925002399418e+01  
2.840601357425266704e-02  2.268059723986875298e+01  
2.861122282717743631e-02  2.608679581254921587e+01  
2.881791454216524329e-02  3.072753643401282986e+01  
2.902609942874178478e-02  3.717712511216164017e+01  
2.923578827379996747e-02  4.638092164139680307e+01  
2.944699194215881152e-02  5.977957691417950059e+01  
2.965972137712639262e-02  7.973774853849828048e+01  
2.987398760106686063e-02  1.098834648006260721e+02  
3.008980171597157652e-02  1.558815965153789875e+02  
3.030717490403432579e-02  2.259638760086606908e+02  
3.052611842823070923e-02  3.314366398468544048e+02  
3.074664363290174549e-02  4.848649909339155784e+02  
3.096876194434164398e-02  6.943088107981035364e+02  
3.119248487138986947e-02  9.488590238162531705e+02  
3.141782400602743247e-02  1.201790730606173838e+03  
3.164479102397755456e-02  1.371985434446133922e+03  
3.187339768531059075e-02  1.389776863277739722e+03  
3.210365583505340320e-02  1.255280683695658354e+03  
3.233557740380307161e-02  1.036489133976048606e+03  
3.256917440834510014e-02  8.107301922155538705e+02  
3.280445895227600273e-02  6.228749273788150731e+02  
3.304144322663048194e-02  4.844506980673915564e+02  
3.328013951051309038e-02  3.893192146100429909e+02  
3.352056017173443703e-02  3.262710894567497348e+02  
3.376271766745204961e-02  2.851342735459775781e+02  
3.400662454481577501e-02  2.582618409536563036e+02  
3.425229344161796752e-02  2.404461307834230013e+02  
3.449973708694824281e-02  2.283091400686054158e+02  
3.474896830185306151e-02  2.197792604408842578e+02  
3.500000000000000333e-02  2.135292625967032905e+02  
3.653231009178967148e-02  1.936476907360284088e+02  
3.785019694238021815e-02  1.891144679243162727e+02  
3.921562597540037554e-02  1.872422879790084096e+02  
4.063031225395224988e-02  1.873211511494079673e+02  
4.209603271127709823e-02  1.887439440789388243e+02  
4.361462838269316439e-02  1.912179364381995299e+02  
4.518800671804957397e-02  1.945574930954115871e+02  
4.681814397760104135e-02  1.982946428082077546e+02  
4.850708771431266886e-02  2.021262471921850477e+02  
5.025695934571277473e-02  2.057758903461264310e+02  
5.206995681852420038e-02  2.092476843497467200e+02  
5.394835736942098919e-02  2.124664577822339879e+02  
5.589452038537812834e-02  2.151196449455796653e+02  
5.791089036720716704e-02  2.171469278806064835e+02  
5.999999999999999778e-02  2.185929009121739739e+02  
