0.0700000000 269.7930327256
0.0704761905 279.7862992917
0.0709523810 307.7519095982
0.0714285714 327.1205722317
0.0719047619 360.9577263653
0.0723809524 391.4807935808
0.0728571429 440.1373599077
0.0733333333 475.1484817633
0.0738095238 530.1788883158
0.0742857143 560.1804558644
0.0747619048 621.1827202746
0.0752380952 687.8668375661
0.0757142857 747.0098132418
0.0761904762 843.4788556511
0.0766666667 908.7762760002
0.0771428571 1088.1569741239
0.0776190476 1177.0177023041
0.0780952381 1364.9731768577
0.0785714286 1598.7747088783
0.0790476190 1805.3356170674
0.0795238095 2097.3279846880
0.0800000000 2542.5966651528
0.0804761905 3247.4330721536
0.0809523810 4466.0042773175
0.0814285714 6286.4912377379
0.0819047619 8312.0466134842
0.0823809524 9839.7586484621
0.0828571429 8944.1458720771
0.0833333333 6866.6528529525
0.0838095238 4790.6040790324
0.0842857143 3664.9824804323
0.0847619048 2722.9835164008
0.0852380952 2357.8724839263
0.0857142857 2073.0141652334
0.0861904762 1855.5789581304
0.0866666667 1695.5040917131
0.0871428571 1580.4206641294
0.0876190476 1465.3197931628
0.0880952381 1397.9628724097
0.0885714286 1323.4267418363
0.0890476190 1228.0839130955
0.0895238095 1156.8671419276
0.0900000000 1118.0741080071
0.0904761905 1090.7220934319
0.0909523810 1056.5873555312
0.0914285714 1011.6792167037
0.0919047619 992.2062468390
0.0923809524 961.4268482441
0.0928571429 903.7917653440
0.0933333333 892.0382382111
0.0938095238 868.8982281537
0.0942857143 855.1639091879
0.0947619048 829.1333975170
0.0952380952 799.6427953946
0.0957142857 779.5162266172
0.0961904762 759.9292243286
0.0966666667 750.0651768684
0.0971428571 718.6325839809
0.0976190476 701.2335661535
0.0980952381 696.3055624251
0.0985714286 679.4600795060
0.0990476190 665.3286247447
0.0995238095 642.2894081338
0.1000000000 637.4070109800
