0.0100000000 0.0000002046
0.0100868801 0.0000001877
0.0101745151 0.0000001801
0.0102629114 0.0383550979
0.0103520757 0.0251336711
0.0104420147 0.0370522615
0.0105327351 0.0000001763
0.0106242436 0.0477181992
0.0107165472 0.0117267396
0.0108096527 0.0576162105
0.0109035672 0.0000001607
0.0109982975 0.0556565687
0.0110938509 0.0218848955
0.0111902344 0.0322618933
0.0112874553 0.0317076428
0.0113855209 0.0454924382
0.0114844384 0.0612485710
0.0115842154 0.0467505726
0.0116848592 0.0971083492
0.0117863775 0.0714387768
0.0118887777 0.1069791120
0.0119920675 0.0655316279
0.0120962548 0.1195748961
0.0122013472 0.0904211224
0.0123073527 0.1660558010
0.0124142792 0.0611507216
0.0125221346 0.1731746273
0.0126309271 0.1675697174
0.0127406647 0.1683928925
0.0128513558 0.1900809049
0.0129630086 0.1718579637
0.0130756314 0.2139924479
0.0131892326 0.2290902730
0.0133038209 0.2899353514
0.0134194047 0.2858384904
0.0135359926 0.3357613924
0.0136535935 0.4018117352
0.0137722161 0.3833304693
0.0138918694 0.5196771400
0.0140125621 0.4690759947
0.0141343034 0.5143722726
0.0142571025 0.6341881844
0.0143809684 0.5527690252
0.0145059104 0.7033990319
0.0146319380 0.7383935698
0.0147590605 0.6982260125
0.0148872874 0.9712538866
0.0150166284 0.9380352120
0.0151470930 1.0315972531
0.0152786912 1.1342852567
0.0154114327 1.2166203877
0.0155453274 1.4931940003
0.0156803855 1.7809649559
0.0158166169 1.7212524095
0.0159540319 2.4399847436
0.0160926407 2.2851306479
0.0162324538 2.3169467295
0.0163734816 2.6580069641
0.0165157346 2.7802810690
0.0166592236 3.2032878167
0.0168039591 3.9830192464
0.0169499522 4.7999644626
0.0170972136 5.4476252144
0.0172457544 5.7621314819
0.0173955858 6.5377972783
0.0175467189 7.6511411239
0.0176991650 10.3595976389
0.0178529356 11.9851272151
0.0180080422 13.5848789563
0.0181644963 16.5094267704
0.0183223097 17.0964034283
0.0184814942 21.7285421432
0.0186420616 26.9514149021
0.0188040241 33.6688017840
0.0189673938 43.6752977505
0.0189673938 43.6752977505
0.0191321827 52.3636832141
0.0192984034 64.1621806094
0.0194660682 74.9343688057
0.0196351897 85.3983481651
0.0198057805 107.4600451094
0.0199778534 123.3323407150
0.0201514213 141.8416143553
0.0203264971 162.2162830685
0.0205030940 181.2397369297
0.0206812252 193.8318945064
0.0208609039 208.4984411773
0.0210421438 212.8008896228
0.0212249582 213.0921683287
0.0214093609 213.3954646563
0.0215953658 201.1789732471
0.0217829866 189.3143682174
0.0219722375 174.3750020832
0.0221631326 153.9603272793
0.0223556862 139.2035746917
0.0225499127 124.2352161807
0.0227458267 107.6456018153
0.0229434428 93.1521618501
0.0231427757 82.1494929430
0.0233438405 70.9180200477
0.0235466521 61.3852738368
0.0237512257 57.4466472931
0.0239575767 50.5312352852
0.0241657205 45.4990132187
0.0243756726 41.0268146598
0.0245874488 38.9924219259
0.0248010649 35.2027703583
0.0250165369 33.2411540181
0.0252338809 33.5231439402
0.0254531132 30.5969933652
0.0256742502 28.3613869951
0.0258973085 28.5304320598
0.0261223047 28.2907700159
0.0263492556 26.8881463123
0.0265781783 26.1697104925
0.0268090899 25.4228171980
0.0270420077 25.1934878391
0.0272769490 24.8270717233
0.0275139315 24.1901431300
0.0277529729 24.2600253593
0.0279940912 23.5112878893
0.0282373042 22.7365098676
0.0284826303 23.0593550803
0.0287300878 23.1667821265
0.0289796952 22.5298188508
0.0292314712 21.7210105436
0.0294854347 22.1316688792
0.0297416045 21.6343578698
0.0300000000 21.7339549100
