2.000000000000000042e-02  1.359216985292732716e+00  2.498552963789559822e-01
2.072149111144587844e-02  1.394198108737206843e+00  2.497907118055369413e-01
2.146900969408652507e-02  1.478964100298304052e+00  2.496955716765638655e-01
2.224349467737796182e-02  1.634909652898340227e+00  2.495554960317117321e-01
2.304591886223905650e-02  1.897025532111386692e+00  2.493610019840786229e-01
2.387729014294947757e-02  2.328102460061443502e+00  2.490910491070803534e-01
2.473865277312709346e-02  3.043600436329602310e+00  2.486912537201566298e-01
2.563108867737494412e-02  4.279186009748737085e+00  2.481530629959284306e-01
2.655571881024530040e-02  6.552458377159355862e+00  2.473417299105989120e-01
2.751370456422770269e-02  1.124157456464340221e+01  2.460129774304327110e-01
2.850624922852960930e-02  2.273862294741979184e+01  2.436659908233246297e-01
2.953459950048185900e-02  5.754431099165067565e+01  2.385825930058951272e-01
2.999999999999999889e-02  1.350947831007134710e+02  2.215057741012496917e-01
3.027969780547861561e-02  1.766658942872004161e+02  2.163404656863104347e-01
3.056200330637020776e-02  2.298118174964690184e+02  2.097616513481675715e-01
3.084694081489760750e-02  2.946403737307986717e+02  2.013026603350561716e-01
3.113453486995278879e-02  3.682443620172520014e+02  1.910100112334331968e-01
3.142481023921022548e-02  4.431377786510083183e+02  1.785100939541628962e-01
3.171779192125985525e-02  5.070423651724723300e+02  1.639865104166982612e-01
3.201350514775997552e-02  5.465193059840269143e+02  1.483291258171349769e-01
3.231197538561020322e-02  5.527695119556042300e+02  1.325005698530752341e-01
3.261322833914467867e-02  5.263004561947950606e+02  1.173128533497820453e-01
3.291728995234573241e-02  4.761140672803813914e+02  1.038270118464309222e-01
3.322418641107820897e-02  4.147297987274862976e+02  9.226900939543269953e-02
3.353394414534457274e-02  3.532600363326907313e+02  8.285678104565430413e-02
3.384658983156108025e-02  2.987569873349452223e+02  7.539398692790291734e-02
3.416215039485516469e-02  2.541379345331919808e+02  6.946200776123467868e-02
3.448065301138420607e-02  2.194947746012402092e+02  6.481879391320276296e-02
3.480212511067599240e-02  1.934954555782827583e+02  6.119000816973562545e-02
3.512659437799093426e-02  1.743765821747228699e+02  5.823380004064878518e-02
3.545408875670631732e-02  1.604056980443273233e+02  5.581479575143644817e-02
3.578463645072280791e-02  1.502248705046801547e+02  5.379713541647251213e-02
3.611826592689337811e-02  1.427605090386012705e+02  5.202883476288169134e-02
3.645500591747487945e-02  1.372357971223799211e+02  5.056304738543261623e-02
3.679488542260246631e-02  1.331123621409648763e+02  4.920066789196853030e-02
3.713793371278709121e-02  1.299872826690159968e+02  4.800294934621573972e-02
3.748418033143631478e-02  1.276144597307054624e+02  4.684360191975173865e-02
3.783365509739856219e-02  1.257848009917469483e+02  4.582597017955392787e-02
3.818638810753113844e-02  1.243752847312288452e+02  4.488332822694635765e-02
3.854240973929217579e-02  1.233009696163137789e+02  4.398930657661666299e-02
3.890175065335674948e-02  1.224768019534083976e+02  4.317221507335072123e-02
3.926444179625742520e-02  1.218593879825308193e+02  4.239183619263472980e-02
3.963051440304928702e-02  1.214111974064461492e+02  4.166348141322791243e-02
4.000000000000000083e-02  1.211141071325982921e+02  4.096431066159497009e-02
4.063031225395224988e-02  1.212337775417735628e+02  4.002364335304631898e-02
4.209603271127709823e-02  1.216758028579855306e+02  3.776838169630023639e-02
4.361462838269316439e-02  1.230144413091474576e+02  3.580863219233177547e-02
4.518800671804957397e-02  1.249150288062373448e+02  3.416591021812351303e-02
4.681814397760104135e-02  1.271320072869631446e+02  3.270481894828753539e-02
4.850708771431266886e-02  1.294751999039667396e+02  3.139594494035188865e-02
5.025695934571277473e-02  1.317795821576144135e+02  3.022335813479646097e-02
5.206995681852420038e-02  1.339073803520731474e+02  2.920827132924114916e-02
5.394835736942098919e-02  1.358494228670641917e+02  2.825119171615083496e-02
5.589452038537812834e-02  1.375158071675480187e+02  2.743311879948750337e-02
5.791089036720716704e-02  1.388531619008610676e+02  2.666159102171380968e-02
5.999999999999999778e-02  1.398024535511568729e+02  2.594850818441559251e-02
