0.0100000000 0.1269545464
0.0101829595 0.0737727468
0.0103692664 0.1420295992
0.0105589819 0.1822512461
0.0107521685 0.2340006461
0.0109488897 0.2539681179
0.0111492100 0.2585024826
0.0113531953 0.2818408625
0.0115609128 0.3974847866
0.0117724307 0.3957130534
0.0119878185 0.4922848537
0.0122071470 0.5029361679
0.0124304883 0.5496297867
0.0126579159 0.6706228623
0.0128895044 0.8960133739
0.0131253301 0.7726556366
0.0133654705 0.8841489472
0.0136100045 1.0299402897
0.0138590124 1.1292555917
0.0141125762 1.1916827057
0.0143707791 1.4032462279
0.0146337062 1.4210768612
0.0149014437 1.6900230543
0.0151740797 1.6770274378
0.0154517039 1.9134764064
0.0157344075 2.1698144366
0.0160222834 2.1627941627
0.0163154263 2.4205976883
0.0166139325 2.6396100318
0.0169179001 2.6458656711
0.0172274291 2.9142101671
0.0175426213 3.3227595352
0.0178635802 3.3702405024
0.0181904113 3.4343354222
0.0185232222 3.7294740535
0.0188621221 4.1351130839
0.0192072225 4.1480225110
0.0195586368 4.3358686717
0.0199164806 4.6596169761
0.0202808715 4.7653942409
0.0206519293 5.0634453191
0.0210297759 5.2363650054
0.0214145356 5.3764424866
0.0218063349 5.5869490789
0.0222053025 5.7996708580
0.0226115695 6.3069182113
0.0230252696 6.3616848742
0.0234465388 6.7342482743
0.0238755154 6.9544641022
0.0243123406 7.2343172240
0.0247571579 7.8841614317
0.0252101136 8.2868991006
0.0256713566 9.4210969059
0.0261410384 9.1192866487
0.0266193135 9.8549322060
0.0271063390 10.8222650077
0.0276022752 12.3044559229
0.0281072850 13.0164215693
0.0286215345 14.2174038297
0.0291451926 15.2154591695
0.0296784315 17.2156668471
0.0302214266 18.5103556857
0.0307743562 20.8043333725
0.0313374022 22.9482160032
0.0319107497 24.8502908716
0.0324945872 27.1196597909
0.0330891064 28.8517285641
0.0336945030 32.5743479402
0.0343109759 35.2468745403
0.0349387277 37.1134821494
0.0355779649 39.3184325424
0.0362288975 42.2911774857
0.0368917395 44.6386462937
0.0375667089 46.0547352177
0.0382540275 47.3304209670
3.895392117442728064e-02  4.771327419331034037e+01
3.966662010161201013e-02  4.825035898688071967e+01
4.039235853150906913e-02  4.838084622882116292e+01
4.113137503418572150e-02  4.817749299003980212e+01
4.188391254457481117e-02  4.767508162153799134e+01
4.265021844233417986e-02  4.693559249833921143e+01
4.343054463316707581e-02  4.601595474297507593e+01
4.422514763163046259e-02  4.500779564796662413e+01
4.503428864545837990e-02  4.393327907881817396e+01
4.585823366142807028e-02  4.287301616595534881e+01
4.669725353279707836e-02  4.183720063196552275e+01
4.755162406834013283e-02  4.087181450574328778e+01
4.842162612301506575e-02  3.998477930293398686e+01
4.930754569028748119e-02  3.919381171605481029e+01
5.020967399614464921e-02  3.850303179453810287e+01
5.112830759482941273e-02  3.791697264900644626e+01
5.206374846632573494e-02  3.741824026794828484e+01
5.301630411562775064e-02  3.701499927623373765e+01
5.398628767382501747e-02  3.666615909414171881e+01
5.497401800103735026e-02  3.638606751484743995e+01
5.597981979123284324e-02  3.614299943181684682e+01
5.700402367896360151e-02  3.595854379634856457e+01
5.804696634805440320e-02  3.581581771801975833e+01
5.910899064227986832e-02  3.569404273686220819e+01
6.019044567806662582e-02  3.558831353676546172e+01
6.129168695925735905e-02  3.547896403298931745e+01
6.241307649397462992e-02  3.537486757605502419e+01
6.355498291362296492e-02  3.526011245276503558e+01
6.471778159406796349e-02  3.513638517958752061e+01
6.590185477903263978e-02  3.501640533323815418e+01
6.710759170575142374e-02  3.488753950201824239e+01
6.833538873292305249e-02  3.474201926721227096e+01
6.958564947100447096e-02  3.458218770325539992e+01
7.085878491488875608e-02  3.440000973832687947e+01
7.215521357901018284e-02  3.418003821881362114e+01
7.347536163492154881e-02  3.397584253083719119e+01
7.481966305138833262e-02  3.374647700410501727e+01
7.618855973704607987e-02  3.350754546173340032e+01
7.758250168566790950e-02  3.324468838960863337e+01
7.900194712408968589e-02  3.296393687180368914e+01
8.044736266284180370e-02  3.266594187009755501e+01
8.191922344953683766e-02  3.237125036690709834e+01
8.341801332506336430e-02  3.206119020482754678e+01
8.494422498263798360e-02  3.172952250096870941e+01
8.649836012976681865e-02  3.139524629345649132e+01
8.808092965317060319e-02  3.104690363320770885e+01
8.969245378672711932e-02  3.069474182970687792e+01
9.133346228248623300e-02  3.031663208441932156e+01
9.300449458481389875e-02  2.996235034880950465e+01
9.470610000772237969e-02  2.958902246824810689e+01
9.643883791544459461e-02  2.921013895282703032e+01
9.820327790631257214e-02  2.882376664732732507e+01
1.000000000000000056e-01  2.844730574943241663e+01
