0.0100000000 0.0082049519
0.0101829595 0.0000000000
0.0103692664 0.0076309740
0.0105589819 0.0073592227
0.0107521685 0.0071011767
0.0109488897 0.0137431981
0.0111492100 0.0264551153
0.0113531953 0.0382189306
0.0115609128 0.0307503318
0.0117724307 0.0237316021
0.0119878185 0.0400958968
0.0122071470 0.0827296815
0.0124304883 0.0797835435
0.0126579159 0.1333630104
0.0128895044 0.1730302802
0.0131253301 0.2193962279
0.0133654705 0.2115284305
0.0136100045 0.2614489718
0.0138590124 0.3075360550
0.0141125762 0.3746546978
0.0143707791 0.4682829676
0.0146337062 0.5124559744
0.0149014437 0.7950043722
0.0151740797 0.7844354259
0.0154517039 1.0114100846
0.0157344075 1.1320404399
0.0160222834 1.2989685254
0.0163154263 1.5667457379
0.0166139325 1.8636421747
0.0169179001 2.2406397053
0.0172274291 2.4203224314
0.0175426213 2.9927765351
0.0178635802 3.1330402920
0.0181904113 3.5583506302
0.0185232222 4.5084407200
0.0188621221 4.6687452472
0.0192072225 5.2889862311
0.0195586368 5.9787840185
0.0199164806 6.7323173124
0.0202808715 7.1838843537
0.0206519293 7.8735605225
0.0210297759 8.6459161052
0.0214145356 9.2144209908
0.0218063349 10.0761528385
0.0222053025 10.6927480850
0.0226115695 11.4290724031
0.0230252696 12.2055073141
0.0234465388 12.9323611287
0.0238755154 14.6348474076
0.0243123406 16.3071206907
0.0247571579 19.3075504857
2.500000000000000139e-02  3.555274456739425659e+01
2.532258064516129323e-02  3.593130851722671082e+01
2.564516129032258160e-02  3.694934056233574182e+01
2.596774193548387344e-02  3.885511898076610038e+01
2.629032258064516181e-02  4.200901897149026354e+01
2.661290322580645365e-02  4.692458949223693310e+01
2.693548387096774549e-02  5.430975850093012269e+01
2.725806451612903386e-02  6.516168286021461142e+01
2.758064516129032570e-02  8.081381190817272397e+01
2.790322580645161407e-02  1.029472655259998248e+02
2.822580645161290591e-02  1.334689840802124365e+02
2.854838709677419428e-02  1.741417566922379478e+02
2.887096774193548612e-02  2.257218848197590262e+02
2.919354838709677796e-02  2.866274343804604428e+02
2.951612903225806633e-02  3.516455105906595122e+02
2.983870967741935817e-02  4.115709898510363018e+02
3.016129032258064654e-02  4.554972548434383270e+02
3.048387096774193838e-02  4.750799042571398445e+02
3.080645161290322676e-02  4.683591094650123523e+02
3.112903225806451860e-02  4.408258353887927683e+02
3.145161290322581044e-02  4.019569819955979142e+02
3.177419354838709881e-02  3.606749122097529607e+02
3.209677419354838718e-02  3.228576151300277388e+02
3.241935483870968249e-02  2.910780668384437604e+02
3.274193548387097086e-02  2.655961943270561960e+02
3.306451612903225923e-02  2.455882885696666449e+02
3.338709677419354760e-02  2.298948221183719909e+02
3.370967741935484291e-02  2.174424870127181180e+02
3.403225806451613128e-02  2.072844041850675865e+02
3.435483870967742659e-02  1.988161319998604881e+02
3.467741935483871496e-02  1.915108106486405859e+02
3.500000000000000333e-02  1.850897415864224058e+02
3.622889750924290081e-02  1.661233817126558563e+02
3.689173954438244168e-02  1.581632286885720475e+02
3.756670890311596817e-02  1.511197599259430717e+02
3.825402746632875634e-02  1.449198019910288906e+02
3.895392117442728064e-02  1.395141387132792374e+02
3.966662010161201013e-02  1.347833552867541584e+02
4.039235853150906913e-02  1.306401284513135579e+02
4.113137503418572150e-02  1.270031589747553085e+02
4.188391254457481117e-02  1.237969278021630828e+02
4.265021844233417986e-02  1.209384450878963406e+02
4.343054463316707581e-02  1.183744345206800119e+02
4.422514763163046259e-02  1.160446432360672873e+02
4.503428864545837990e-02  1.139195069841279491e+02
4.585823366142807028e-02  1.119617948640011491e+02
4.669725353279707836e-02  1.101470999756929814e+02
4.755162406834013283e-02  1.084443116572186057e+02
4.842162612301506575e-02  1.068459764266486047e+02
4.930754569028748119e-02  1.053633453201916552e+02
5.020967399614464921e-02  1.039605956432419873e+02
5.112830759482941273e-02  1.026346766429363413e+02
5.206374846632573494e-02  1.013765570642498659e+02
5.301630411562775064e-02  1.001611672182655468e+02
5.398628767382501747e-02  9.900105400120457944e+01
5.497401800103735026e-02  9.788683831969123617e+01
5.597981979123284324e-02  9.682279597380396297e+01
5.700402367896360151e-02  9.577922547604374870e+01
5.804696634805440320e-02  9.477925525333300527e+01
5.910899064227986832e-02  9.380877027078086883e+01
6.019044567806662582e-02  9.285238982941177710e+01
6.129168695925735905e-02  9.191716547971340390e+01
6.241307649397462992e-02  9.101662170500148363e+01
6.355498291362296492e-02  9.013489992121348848e+01
6.471778159406796349e-02  8.926625421491198153e+01
6.590185477903263978e-02  8.843107129094808272e+01
6.710759170575142374e-02  8.759303678215893285e+01
6.833538873292305249e-02  8.677314322197238994e+01
6.958564947100447096e-02  8.596817495137796072e+01
7.085878491488875608e-02  8.518453049974463909e+01
7.215521357901018284e-02  8.440256164910775283e+01
7.347536163492154881e-02  8.363637115932922939e+01
7.481966305138833262e-02  8.288561820972718408e+01
7.618855973704607987e-02  8.214545872179716923e+01
7.758250168566790950e-02  8.140950722012290441e+01
7.900194712408968589e-02  8.068299679052786644e+01
8.044736266284180370e-02  7.996955471903675061e+01
8.191922344953683766e-02  7.925170453206973775e+01
8.341801332506336430e-02  7.855295250248649097e+01
8.494422498263798360e-02  7.785077902401879157e+01
8.649836012976681865e-02  7.714560347216909975e+01
8.808092965317060319e-02  7.647499932574532977e+01
8.969245378672711932e-02  7.580183975572221300e+01
9.133346228248623300e-02  7.513480117119377155e+01
9.300449458481389875e-02  7.447659940466176920e+01
9.470610000772237969e-02  7.381395000930199046e+01
9.643883791544459461e-02  7.316780352150243516e+01
9.820327790631257214e-02  7.251737414339470433e+01
1.000000000000000056e-01  7.187827415764331818e+01
