0.0100000000 0.1061666808
0.0100868801 0.0000000179
0.0101745151 0.0588662273
0.0102629114 0.0000000518
0.0103520757 0.0189579565
0.0104420147 0.0558888163
0.0105327351 0.0183131606
0.0106242436 0.0179990339
0.0107165472 0.0176903271
0.0108096527 0.0634295706
0.0109035672 0.0170886762
0.0109982975 0.0839493597
0.0110938509 0.0825094453
0.0111902344 0.0973048350
0.0112874553 0.0637680854
0.0113855209 0.0783362150
0.0114844384 0.0769925920
0.0115842154 0.0942406813
0.0116848592 0.0595042666
0.0117863775 0.1994057342
0.0118887777 0.1325435043
0.0119920675 0.0706122968
0.0120962548 0.2585646836
0.0122013472 0.2466723167
0.0123073527 0.2441271134
0.0124142792 0.3556748195
0.0125221346 0.2934675038
0.0126309271 0.3902927219
0.0127406647 0.3444821967
0.0128513558 0.4287274265
0.0129630086 0.3900715682
0.0130756314 0.5667105436
0.0131892326 0.6515215036
0.0133038209 0.5739222806
0.0134194047 0.6189088675
0.0135359926 0.5814872200
0.0136535935 0.7432526442
0.0137722161 0.8318766891
0.0138918694 0.9383680232
0.0140125621 0.9722500408
0.0141343034 0.9332117826
0.0142571025 1.0868645121
0.0143809684 1.3652422904
0.0145059104 1.5132745720
0.0146319380 1.6850779278
0.0147590605 1.5461020862
0.0148872874 1.8915252804
0.0150166284 2.0084606997
0.0151470930 1.8735549910
0.0152786912 2.2419015264
0.0154114327 2.2090543271
0.0155453274 3.0524381734
0.0156803855 3.1127844384
0.0158166169 3.2037338782
0.0159540319 3.6186735815
0.0160926407 3.9379392388
0.0162324538 3.9013447012
0.0163734816 4.2274261230
0.0165157346 5.2084530482
0.0166592236 5.3158872060
0.0168039591 5.6524298953
0.0169499522 6.1912728535
0.0170972136 6.9740277099
0.0172457544 7.5900979413
0.0173955858 8.3872399311
0.0175467189 8.6328480808
0.0176991650 10.8379457825
0.0178529356 10.6195499554
0.0180080422 13.4258800317
0.0181644963 18.3254575198
0.0183223097 19.8711640548
0.0184814942 27.5848024021
0.0186420616 33.1456148755
0.0188040241 49.3212275035
0.0189673938 77.0606941343
0.0191321827 119.7806872413
0.0192984034 186.2454734283
0.0194660682 279.8463258618
0.0196351897 424.0366346391
0.0198057805 632.0838226077
0.0199778534 836.1102900164
0.0201514213 1018.2724153232
0.0203264971 1082.9350059087
0.0205030940 1006.9065866395
0.0206812252 816.7242418212
0.0208609039 624.6188992311
0.0210421438 424.6535665828
0.0212249582 292.3341663766
0.0214093609 220.2757603674
0.0215953658 145.3280166406
0.0217829866 109.1860111270
0.0219722375 93.3805928928
0.0221631326 86.7978905933
0.0223556862 79.7046063240
0.0225499127 70.1311980622
0.0227458267 68.5677813829
0.0229434428 66.5518951299
0.0231427757 63.1550021180
0.0233438405 61.3801163323
0.0235466521 63.2110305754
0.0237512257 61.9898226544
0.0239575767 60.2010246309
0.0241657205 60.3324652465
0.0243756726 59.0532683657
0.0245874488 60.6942612971
0.0248010649 58.1389382743
0.0250165369 56.8337211340
0.0252338809 56.5845489355
0.0254531132 57.0934903164
0.0256742502 56.5815641745
0.0258973085 56.0915850649
0.0261223047 56.7199043870
0.0263492556 54.5571834407
0.0265781783 53.8746567528
0.0268090899 54.1867470418
0.0270420077 53.1559963376
0.0272769490 52.4116343190
0.0275139315 54.1955844913
0.0277529729 52.5582124896
0.0279940912 51.6333403236
0.0282373042 51.0635765118
0.0284826303 49.6116022471
0.0287300878 50.7829135624
0.0289796952 50.7705322946
0.0292314712 50.0231718152
0.0294854347 49.7572881449
0.0297416045 48.4735890823
0.0300000000 48.0952703017
