0.0200000000 0.7775984704
0.0207214911 1.0182987678
0.0214690097 1.4125795776
0.0222434947 1.8927413988
0.0230459189 2.5490192820
0.0238772901 3.3624335560
0.0247386528 4.7790790085
0.0250000000 5.3939208388
0.0253225806 6.8313734939
0.0256451613 8.3404619053
0.0259677419 11.0741451746
0.0262903226 14.9836687955
0.0266129032 20.9273330505
0.0269354839 30.1992750827
0.0272580645 44.7016323532
0.0275806452 68.6223514518
0.0279032258 104.9834078894
0.0282258065 170.2421145196
0.0285483871 265.4256543151
0.0288709677 413.8288976877
0.0291935484 609.8506832784
2.951612903225806633e-02  7.653650948717447591e+02
2.983870967741935817e-02  8.975888784008793664e+02
3.016129032258064654e-02  9.027397672505472883e+02
3.048387096774193838e-02  8.077540383029048598e+02
0.0308064516 669.0707625795
0.0311290323 556.8841533204
0.0314516129 472.5281321419
0.0317741935 407.5535555907
0.0320967742 364.4049182129
0.0324193548 333.5282894203
0.0327419355 312.1138146412
0.0330645161 298.9921330280
0.0333870968 285.0799676627
0.0337096774 273.2881390785
0.0340322581 260.1043369753
0.0343548387 250.6764417410
0.0346774194 244.8311343032
0.0350000000 236.913566382
3.526031007644080117e-02  2.335542336624041013e+02
3.653231009178967148e-02  2.132657574581225504e+02
3.785019694238021815e-02  1.986406478877501627e+02
3.921562597540037554e-02  1.876102811807763828e+02
4.063031225395224988e-02  1.790137459182369923e+02
4.209603271127709823e-02  1.721140923706337560e+02
4.361462838269316439e-02  1.663180339481498322e+02
4.518800671804957397e-02  1.612827036794655271e+02
4.681814397760104135e-02  1.568105399948780985e+02
4.850708771431266886e-02  1.527395254468606254e+02
5.025695934571277473e-02  1.490071307602277670e+02
5.206995681852420038e-02  1.455509836712578533e+02
5.394835736942098919e-02  1.423299667621450055e+02
5.589452038537812834e-02  1.392976326566165710e+02
5.791089036720716704e-02  1.364470923668846183e+02
5.999999999999999778e-02  1.337420210863153329e+02
