0.0700000000 132.3730979419
0.0703174603 138.7573904207
0.0706349206 144.3141484231
0.0709523810 155.1961565858
0.0712698413 160.2267997721
0.0715873016 168.6123021515
0.0719047619 181.4678163358
0.0722222222 189.6526750739
0.0725396825 201.6026752742
0.0728571429 208.0058359270
0.0731746032 222.8219419516
0.0734920635 236.2743119988
0.0738095238 247.8368933984
0.0741269841 262.9645057688
0.0744444444 283.3304672325
0.0747619048 296.8784434215
0.0750793651 317.5265958020
0.0753968254 335.5720006689
0.0757142857 355.9652631012
0.0760317460 378.5660536672
0.0763492063 412.2789108764
0.0766666667 446.1226429850
0.0769841270 482.3144770498
0.0773015873 516.8546570627
0.0776190476 556.1340527005
0.0779365079 613.3196635459
0.0782539683 671.5238969016
0.0785714286 731.5076871767
0.0788888889 827.9055266314
0.0792063492 909.5772347316
0.0795238095 1018.9942619761
0.0798412698 1184.0452474091
0.0801587302 1357.7071595289
0.0804761905 1567.8542005117
0.0807936508 1847.8198140628
0.0811111111 2173.0723087692
0.0814285714 2552.7766195136
0.0817460317 2992.7759616107
0.0820634921 3390.9527801168
0.0823809524 3720.6820672240
0.0826984127 3987.7236574572
0.0830158730 3996.8579739018
0.0833333333 3761.6561607867
0.0836507937 3466.1357924121
0.0839682540 3008.4609384596
0.0842857143 2607.1200730639
0.0846031746 2218.7155094815
0.0849206349 1913.9174360790
0.0852380952 1641.3393019057
0.0855555556 1415.9156554855
0.0858730159 1258.7136764463
0.0861904762 1143.4183177070
0.0865079365 1016.3926052349
0.0868253968 945.2687309941
0.0871428571 867.3591290865
0.0874603175 826.1900514474
0.0877777778 779.3991475770
0.0880952381 746.6792821305
0.0884126984 705.3948901430
0.0887301587 676.3621108301
0.0890476190 650.8583267055
0.0893650794 630.0622610915
0.0896825397 608.6110461104
0.0900000000 593.4119568908
