0.0100000000 0.0307423761
0.0101829595 0.1243739287
0.0103692664 0.1201364120
0.0105589819 0.1860255495
0.0107521685 0.1462019707
0.0109488897 0.3044222280
0.0111492100 0.3724408785
0.0113531953 0.3141767520
0.0115609128 0.3468000535
0.0117724307 0.4266371187
0.0119878185 0.3564278633
0.0122071470 0.5464763581
0.0124304883 0.5968761518
0.0126579159 0.6408607508
0.0128895044 0.8222189600
0.0131253301 0.9895680930
0.0133654705 0.9966764715
0.0136100045 1.1831728669
0.0138590124 1.1463103399
0.0141125762 1.2751580294
0.0143707791 1.4856581097
0.0146337062 1.7238487638
0.0149014437 1.8092534783
0.0151740797 1.9345724732
0.0154517039 2.1424191537
0.0157344075 2.2394213688
0.0160222834 2.5700856921
0.0163154263 2.6778635232
0.0166139325 2.8330098024
0.0169179001 3.2432147422
0.0172274291 3.5613791863
0.0175426213 3.5868398000
0.0178635802 3.9111597515
0.0181904113 3.9494477171
0.0185232222 4.2726762012
0.0188621221 4.4723217654
0.0192072225 4.7010553583
0.0195586368 4.8517776041
0.0199164806 5.3998722473
0.0202808715 5.5038876925
0.0206519293 5.4677841636
0.0210297759 6.0222593964
0.0214145356 6.4462212599
0.0218063349 6.7532634389
0.0222053025 6.6786416032
0.0226115695 7.4296782294
0.0230252696 7.7197963719
0.0234465388 8.4534763229
0.0238755154 9.1097315371
0.0243123406 9.9237204004
0.0252101136 11.7242151246
0.0256713566 13.7062928360
0.0261410384 14.6908001377
0.0266193135 18.0067653012
0.0271063390 20.2045569756
0.0276022752 23.8256559738
0.0281072850 28.4644563083
0.0286215345 32.7038096534
0.0288037 3.671318648662722950e+01
0.0298759 4.923405044270873532e+01
0.030988 6.295360893765644761e+01
0.0321415 7.485577980455235547e+01
0.033338 8.156820259551733443e+01
0.034579 8.196538359887485115e+01
0.0358662 7.768732327959118322e+01
0.0372014 7.175214067281817165e+01
0.0385862 6.637480492914458807e+01
0.0400226 6.190667329172929101e+01
0.0415124 5.807170561446750412e+01
0.0430577 5.443074213415341944e+01
0.0446605 5.096745944311913945e+01
0.046323 4.776419658820334035e+01
0.0480474 4.479817356956941410e+01
0.049836 4.226025708929615377e+01
0.0516911 4.004522019604691963e+01
0.0536153 3.822969634530953442e+01
0.0556112 3.665327974997196492e+01
0.0576813 3.537341896514091388e+01
0.0598285 3.425892459189554984e+01
0.0620556 3.330761827373396500e+01
0.0643656 3.241246029798647044e+01
0.0667617 3.165145654077563719e+01
0.0692469 3.097793206267809651e+01
0.0718246 3.034266663297278299e+01
0.0744983 2.971714321706064155e+01
0.0772715 2.915268516733472381e+01
0.0801479 2.859575661121966306e+01
0.0831314 2.807697471772912223e+01
0.086226 2.754041834850795567e+01
