1.600000000000000033e-02   5.997061691687122220e+00
1.607939110972794045e-02   6.300648718872741583e+00
1.615917615372486696e-02   6.618062730753986322e+00
1.623935708667071168e-02   6.951645464542687058e+00
1.631993587294440148e-02   7.301596773754432945e+00
1.640091448667202120e-02   7.665290517097405498e+00
1.648229491177514300e-02   8.048283258957395603e+00
1.656407914201945414e-02   8.450681143509159554e+00
1.664626918106360334e-02   8.872824434742344835e+00
1.672886704250826570e-02   9.316769662315303790e+00
1.681187474994550943e-02   9.783320087840406742e+00
1.689529433700834304e-02   1.027362853084920857e+01
1.697912784742054704e-02   1.078562075100033191e+01
1.706337733504675186e-02   1.132758347005187005e+01
1.714804486394274838e-02   1.189876855648393494e+01
1.723313250840605507e-02   1.249922211537313821e+01
1.731864235302674193e-02   1.313135195872587246e+01
1.740457649273849730e-02   1.380080207380474988e+01
1.749093703286995483e-02   1.450921252579784593e+01
1.757772608919627375e-02   1.525842828789799377e+01
1.766494578799096202e-02   1.605217144587160405e+01
1.775259826607799435e-02   1.689951408207393158e+01
1.784068567088413493e-02   1.780038023072033226e+01
1.792921016049156199e-02   1.877133786525401860e+01
1.801817390369074220e-02   1.983422395742010025e+01
1.810757908003355482e-02   2.099652102519495855e+01
1.819742787988670035e-02   2.229399418582077175e+01
1.828772250448534517e-02   2.379719189291180825e+01
1.837846516598707833e-02   2.560548938089540627e+01
1.846965808752607657e-02   2.789454932269759269e+01
1.856130350326759548e-02   3.096404603845008197e+01
1.865340365846269305e-02   3.535738991280383203e+01
1.874596080950322735e-02   4.194235221546183112e+01
1.883897722397715954e-02   5.242549313237938691e+01
1.893245518072409622e-02   6.957499209086704184e+01
1.902639696989110243e-02   9.842309606165687796e+01
1.912080489298885119e-02   1.473937946098863563e+02
1.921568126294796383e-02   2.307373740292805451e+02
1.931102840417570424e-02   3.716031031092651915e+02
1.940684865261290901e-02   6.055298111131050973e+02
1.950314435579122985e-02   9.781697703906306742e+02
1.959991787289063273e-02   1.526983581921171890e+03
1.969717157479721273e-02   2.232971709997531889e+03
1.979490784416126220e-02   2.943867661369663892e+03
1.989312907545565459e-02   3.375358803662619721e+03
1.999183767503449893e-02   3.307277441943488611e+03
2.009103606119211696e-02   2.789728548750133996e+03
2.019072666422224577e-02   2.078267532542555273e+03
2.029091192647762554e-02   1.425189225428082636e+03
2.039159430242981283e-02   9.386538632744427559e+02
2.049277625872930261e-02   6.166537871146483667e+02
2.059446027426598338e-02   4.168733411417858292e+02
2.069664884022985596e-02   2.971743915629184585e+02
2.079934446017206104e-02   2.267175518927544999e+02
2.090254965006623639e-02   1.854469542399077397e+02
2.100626693837011685e-02   1.611198098942652734e+02
2.111049886608752646e-02   1.466896081608977340e+02
2.121524798683059598e-02   1.379279857040124853e+02
2.132051686688234138e-02   1.324068659604824063e+02
2.142630808525953362e-02   1.287532272331212084e+02
2.153262423377587387e-02   1.262073242660190573e+02
2.163946791710550863e-02   1.243194979695344387e+02
2.174684175284683288e-02   1.228418439549493542e+02
2.185474837158660893e-02   1.216134502558952448e+02
2.196319041696443222e-02   1.205439607710596874e+02
2.207217054573748505e-02   1.195528699995188475e+02
2.218169142784563730e-02   1.186477980404252577e+02
2.229175574647684899e-02   1.177887985217679727e+02
2.240236619813290933e-02   1.169801587824047715e+02
2.251352549269550543e-02   1.161951808552972665e+02
2.262523635349258586e-02   1.154371083229558934e+02
2.273750151736513361e-02   1.147055891774593448e+02
2.285032373473415077e-02   1.140002661652853106e+02
2.296370576966810448e-02   1.133183068187186819e+02
2.307765039995059164e-02   1.126447702424852366e+02
2.319216041714844065e-02   1.120048071283325299e+02
2.330723862668005256e-02   1.113632641481297156e+02
2.342288784788417941e-02   1.107251372312589410e+02
2.353911091408896969e-02   1.101132337477344834e+02
2.365591067268138156e-02   1.094985344172886386e+02
2.377328998517695344e-02   1.089119499889932001e+02
2.389125172728990762e-02   1.083343044270813209e+02
2.400979878900360437e-02   1.077602323612614583e+02
2.412893407464132556e-02   1.071986449209795040e+02
2.424866050293745731e-02   1.066492865970526225e+02
2.436898100710897450e-02   1.060942900398818267e+02
2.448989853492731378e-02   1.055586387665408665e+02
2.461141604879060057e-02   1.050227685541770200e+02
2.473353652579619519e-02   1.044994412683520011e+02
2.485626295781365874e-02   1.039777169052160701e+02
2.497959835155805219e-02   1.034585337131292135e+02
2.510354572866357881e-02   1.029484148794341820e+02
2.522810812575762562e-02   1.024412773585316643e+02
2.535328859453514841e-02   1.019325729796358360e+02
2.547909020183345211e-02   1.014390888997150455e+02
2.560551602970731477e-02   1.009452859100486961e+02
2.573256917550450704e-02   1.004574635098582291e+02
2.586025275194164461e-02   9.997386132276479032e+01
2.598856988718049876e-02   9.949513789086532256e+01
2.611752372490458787e-02   9.901760517679387874e+01
2.624711742439620951e-02   9.854731129788467570e+01
2.637735416061385771e-02   9.808057586198931688e+01
2.650823712426998713e-02   9.761783944651286049e+01
2.663976952190917971e-02   9.715726505076681008e+01
2.677195457598674153e-02   9.670809679391675218e+01
2.690479552494758758e-02   9.625254617514420374e+01
2.703829562330564359e-02   9.579271488747514240e+01
2.717245814172353918e-02   9.533399177306105798e+01
2.730728636709275556e-02   9.488730867857056239e+01
2.744278360261413752e-02   9.444907778656498465e+01
2.757895316787883910e-02   9.400701160909346754e+01
2.771579839894964051e-02   9.356750494790598793e+01
2.785332264844267089e-02   9.313267581333978740e+01
2.799152928560955794e-02   9.270504193800991288e+01
2.813042169641997645e-02   9.227381330508811175e+01
2.827000328364458193e-02   9.184622752387051037e+01
2.841027746693839881e-02   9.142974822081153263e+01
2.855124768292457982e-02   9.101244555495449617e+01
2.869291738527862332e-02   9.059473727519834085e+01
2.883529004481295843e-02   9.017406668797094937e+01
2.897836914956200202e-02   8.975695528405873347e+01
2.912215820486760420e-02   8.934163371704457290e+01
2.926666073346492064e-02   8.892843838860127903e+01
2.941188027556872545e-02   8.851982052094247422e+01
2.955782038896014735e-02   8.811813634837419329e+01
2.970448464907381181e-02   8.771385520234868238e+01
2.985187664908546881e-02   8.731687647512291051e+01
2.999999999999999889e-02   8.692085688784979425e+01
