0.0100000000 0.0210199505
0.0101829595 0.0405392836
0.0103692664 0.0195499048
0.0105589819 0.0755077338
0.0107521685 0.0181822901
0.0109488897 0.0175341823
0.0111492100 0.0000001756
0.0113531953 0.0327134890
0.0115609128 0.1258258126
0.0117724307 0.1668569470
0.0119878185 0.0732866917
0.0122071470 0.0847683636
0.0124304883 0.0409713671
0.0126579159 0.2489783023
0.0128895044 0.1648271674
0.0131253301 0.2805447632
0.0133654705 0.3057582876
0.0136100045 0.3287289917
0.0138590124 0.3605302631
0.0141125762 0.5160339634
0.0143707791 0.5278856025
0.0146337062 0.6838117026
0.0149014437 0.8009973466
0.0151740797 0.6905161264
0.0154517039 0.7883966652
0.0157344075 0.9869313446
0.0160222834 1.0850149501
0.0163154263 1.5223063390
0.0166139325 1.5543342626
0.0169179001 1.4646047928
0.0172274291 1.9507892172
0.0175426213 2.2855267677
0.0178635802 2.5074950138
0.0181904113 2.7165198089
0.0185232222 3.1471827180
0.0188621221 3.1696963896
0.0192072225 3.5373399642
0.0195586368 3.8915777905
0.0199164806 4.3150915624
0.0202808715 4.2803265072
0.0206519293 4.8632023866
0.0210297759 5.4188074706
0.0214145356 5.7061405891
0.0218063349 6.1282927873
0.0222053025 6.8145200208
0.0226115695 7.5684762617
0.0230252696 8.0090030625
0.0234465388 8.7625967381
0.0238755154 9.5606828829
0.0243123406 10.1138985069
0.0247571579 11.3740718362
0.0252101136 12.5324357659
0.0256713566 13.9602770241
0.0261410384 15.2393406026
0.0266193135 18.2474387815
0.0271063390 19.5258536523
0.0276022752 23.6143886442
0.0281072850 26.1968849818
0.0286215345 29.6690894547
0.0291451926 36.1911686876
0.0296784315 41.5023101761
0.0302214266 48.0065406087
0.0307743562 58.0786246187
0.0313374022 68.1171828973
0.0319107497 79.3041278065
0.0324945872 90.3393764400
0.0330891064 97.7072626313
0.0336945030 106.0899872991
0.0343109759 113.7459742631
0.0349387277 116.0974984625
0.0355779649 117.2370763924
0.0362288975 110.6862758466
0.0368917395 105.6654671568
0.0375667089 97.5628202095
0.0382540275 90.4148030070
3.895392117442728064e-02  8.145625000561024365e+01
3.966662010161201013e-02  7.602026826437105456e+01
4.039235853150906913e-02  7.145126004575706702e+01
4.113137503418572150e-02  6.777925986441088924e+01
4.188391254457481117e-02  6.491644021864814817e+01
4.265021844233417986e-02  6.274587936686410927e+01
4.343054463316707581e-02  6.116245721743618446e+01
4.422514763163046259e-02  6.004570230366027772e+01
4.503428864545837990e-02  5.930017086307184115e+01
4.585823366142807028e-02  5.888670094248108455e+01
4.669725353279707836e-02  5.869237409546330042e+01
4.755162406834013283e-02  5.867089123043755450e+01
4.842162612301506575e-02  5.876423896086306087e+01
4.930754569028748119e-02  5.896421300273234323e+01
5.020967399614464921e-02  5.923914050730059699e+01
5.112830759482941273e-02  5.954225106608069495e+01
5.206374846632573494e-02  5.989085866789432799e+01
5.301630411562775064e-02  6.021119168245716935e+01
5.398628767382501747e-02  6.055347700397722122e+01
5.497401800103735026e-02  6.088003373899520199e+01
5.597981979123284324e-02  6.118819693224799749e+01
5.700402367896360151e-02  6.145748758986212579e+01
5.804696634805440320e-02  6.165994067417962299e+01
5.910899064227986832e-02  6.184077120219447465e+01
6.019044567806662582e-02  6.197904451700699013e+01
6.129168695925735905e-02  6.208608227308047134e+01
6.241307649397462992e-02  6.216540593763529188e+01
6.355498291362296492e-02  6.218031807045385051e+01
6.471778159406796349e-02  6.213198534045247357e+01
6.590185477903263978e-02  6.205523345337440588e+01
6.710759170575142374e-02  6.192805495067172217e+01
6.833538873292305249e-02  6.177220186788897394e+01
6.958564947100447096e-02  6.151957338390737107e+01
7.085878491488875608e-02  6.122829450485139802e+01
7.215521357901018284e-02  6.091181101055307323e+01
7.347536163492154881e-02  6.059961641360603579e+01
7.481966305138833262e-02  6.022401392322695557e+01
7.618855973704607987e-02  5.979818536097501891e+01
7.758250168566790950e-02  5.935156480048189565e+01
7.900194712408968589e-02  5.889400276025595105e+01
8.044736266284180370e-02  5.838744023890920687e+01
8.191922344953683766e-02  5.786067545543005508e+01
8.341801332506336430e-02  5.728694274699955713e+01
8.494422498263798360e-02  5.671481746194509554e+01
8.649836012976681865e-02  5.609928785170755816e+01
8.808092965317060319e-02  5.547048539683906654e+01
8.969245378672711932e-02  5.487129958338849889e+01
9.133346228248623300e-02  5.425054054387161528e+01
9.300449458481389875e-02  5.362215923715577759e+01
9.470610000772237969e-02  5.297280404781754726e+01
9.643883791544459461e-02  5.225843856347418637e+01
9.820327790631257214e-02  5.157048684842455089e+01
1.000000000000000056e-01  5.089145251549780369e+01
