0.069843 19.7029
0.070706 24.0774
0.071568 27.3473
0.072430 29.8034
0.073292 31.6817
0.074155 38.951
0.075017 50.1948
0.075879 56.1478
0.076741 76.7468
0.077604 87.4656
0.077604 89.9443
0.078466 97.4441
0.079328 124.48
0.080191 148.936
0.081053 180.067
0.081915 214.244
0.082777 240.52
0.083640 278.493
0.084502 293.628
0.085364 301.775
0.086226 298.612
0.086226 301.08
0.087089 286.183
0.087951 270.054
0.088813 237.018
0.089675 218.546
0.090538 188.328
0.091400 151.212
0.092262 151.134
0.093125 128.05
0.093987 119.908
0.094849 100.89
0.094849 101.851
0.095711 92.7942
0.096574 83.0449
0.097436 78.1465
0.098298 70.6065
0.099160 65.6555
0.100023 62.0682
0.100885 59.1227
0.101747 55.1732
0.102609 51.696
