1.385901240393387461e-02  3.233578273949786475e+00
1.411257617811452827e-02  3.128495013265193858e+00
1.437077914199375549e-02  3.029409225177530640e+00
1.463370617394635018e-02  2.936040006149827963e+00
1.490144370527746696e-02  2.848327925045599951e+00
1.517407974863494054e-02  2.767126932624601743e+00
1.545170392694146522e-02  2.692011946702170366e+00
1.573440750285609244e-02  2.624087393573254268e+00
1.602228340877476578e-02  2.563251698393928191e+00
1.631542627737973122e-02  2.509827043542427027e+00
1.661393247274790472e-02  2.464462157090483441e+00
1.691790012202836271e-02  2.427981654528612587e+00
1.722742914769942457e-02  2.400433256209387523e+00
1.754262130041591566e-02  2.383041321579974170e+00
1.786358019245736645e-02  2.376673086110090427e+00
1.819041133178822892e-02  2.382151150765035030e+00
1.852322215674120573e-02  2.400407303995093500e+00
1.886212207133517588e-02  2.433453520991139651e+00
1.920722248123930137e-02  2.483078686376026134e+00
1.955863683039509721e-02  2.549137318679054687e+00
1.991648063830856949e-02  2.635763569566069719e+00
2.028087153802462031e-02  2.744433002304976554e+00
2.065192931479627875e-02  2.878688082873725573e+00
2.102977594546134518e-02  3.042689826059711944e+00
2.141453563853955994e-02  3.239315950866171079e+00
2.180633487506328586e-02  3.475382631720040916e+00
2.220530245015534324e-02  3.759472829513976322e+00
2.261156951536743773e-02  4.098662724466638707e+00
2.302526962179330186e-02  4.508414116410140338e+00
2.344653876397054942e-02  5.002778835317291950e+00
2.387551542458583170e-02  5.602959241481694441e+00
2.431234061999787421e-02  6.340979982125496406e+00
2.475715794659341662e-02  7.249990869565581697e+00
2.521011362799124161e-02  8.387637422593304137e+00
2.567135656310991221e-02  9.830161833611807509e+00
2.614103837511491321e-02  1.169721699192131936e+01
2.661931346126130901e-02  1.413964909115890300e+01
2.710633904364835936e-02  1.743089079838269839e+01
2.760227522090272917e-02  2.192706373362359074e+01
2.810728502080726832e-02  2.820595114764398659e+01
2.862153445389272258e-02  3.716314773773527236e+01
2.914519256800990679e-02  5.007076889426209476e+01
2.967843150390037099e-02  6.865673685631055889e+01
3.022142655178379142e-02  9.493290752755527251e+01
3.077435620898061677e-02  1.305284258149523282e+02
3.133740223858904467e-02  1.746862004218370430e+02
3.191074972923552133e-02  2.218999813050156149e+02
3.249458715591842239e-02  2.607721850090964040e+02
3.308910644196495776e-02  2.785906972272523490e+02
3.369450302212159687e-02  2.697908655114592307e+02
3.431097590679883097e-02  2.403071967327203993e+02
3.493872774749130078e-02  2.028746859314568383e+02
3.557796490339496659e-02  1.678507467714402424e+02
3.622889750924290081e-02  1.403315754694939130e+02
3.689173954438244168e-02  1.208351408402958356e+02
3.756670890311596817e-02  1.077979760975778589e+02
3.825402746632875634e-02  9.932801193872016654e+01
3.895392117442728064e-02  9.389641287300409545e+01
3.966662010161201013e-02  9.046533229958714628e+01
4.039235853150906913e-02  8.836877593320089375e+01
4.113137503418572150e-02  8.713264128770745742e+01
4.188391254457481117e-02  8.649878629644268813e+01
4.265021844233417986e-02  8.627937292168995498e+01
4.343054463316707581e-02  8.635414162273696093e+01
4.422514763163046259e-02  8.664799341300646063e+01
4.503428864545837990e-02  8.709755880275740481e+01
4.585823366142807028e-02  8.767945032551332929e+01
4.669725353279707836e-02  8.836058462974925476e+01
4.755162406834013283e-02  8.907853464626182927e+01
4.842162612301506575e-02  8.983161762800344263e+01
4.930754569028748119e-02  9.060005932587104382e+01
5.020967399614464921e-02  9.138721047048517221e+01
5.112830759482941273e-02  9.215291525445006471e+01
5.206374846632573494e-02  9.290452519384454888e+01
5.301630411562775064e-02  9.362133519543388616e+01
5.398628767382501747e-02  9.427778990315130159e+01
5.497401800103735026e-02  9.489800574537069622e+01
5.597981979123284324e-02  9.545430754868664280e+01
5.700402367896360151e-02  9.595803690390135898e+01
5.804696634805440320e-02  9.637486655792035606e+01
5.910899064227986832e-02  9.672171862868599135e+01
6.019044567806662582e-02  9.699052860516144392e+01
6.129168695925735905e-02  9.718806787481182141e+01
6.241307649397462992e-02  9.729847053420080272e+01
6.355498291362296492e-02  9.730122159877356580e+01
6.471778159406796349e-02  9.725022284821578467e+01
6.590185477903263978e-02  9.711472732502157612e+01
6.710759170575142374e-02  9.691136169783072773e+01
6.833538873292305249e-02  9.662968489399298733e+01
6.958564947100447096e-02  9.629008248413080651e+01
7.085878491488875608e-02  9.589668290946585216e+01
7.215521357901018284e-02  9.542869271059208813e+01
7.347536163492154881e-02  9.489860232891996361e+01
7.481966305138833262e-02  9.429351676891917577e+01
7.618855973704607987e-02  9.365457030228554913e+01
7.758250168566790950e-02  9.296726521712973579e+01
7.900194712408968589e-02  9.221837424565066499e+01
8.044736266284180370e-02  9.142116020146870881e+01
8.191922344953683766e-02  9.059529957026310854e+01
8.341801332506336430e-02  8.974987712317333433e+01
8.494422498263798360e-02  8.885286703159479771e+01
8.649836012976681865e-02  8.793061196010496872e+01
8.808092965317060319e-02  8.697954557843314660e+01
8.969245378672711932e-02  8.598255641900897217e+01
9.133346228248623300e-02  8.499870812397483633e+01
9.300449458481389875e-02  8.397863739056249699e+01
9.470610000772237969e-02  8.294717201008303675e+01
9.643883791544459461e-02  8.190180275420631517e+01
9.820327790631257214e-02  8.086197405389484061e+01
1.000000000000000056e-01  7.979995935456827283e+01
