2.567135656310991221e-02  2.498267765608933377e+00
2.614103837511491321e-02  3.027848617243675378e+00
2.661931346126130901e-02  3.658296999404994310e+00
2.710633904364835936e-02  4.432756119750750123e+00
2.760227522090272917e-02  5.382135553279407958e+00
2.810728502080726832e-02  6.559669368971368542e+00
2.862153445389272258e-02  8.027803203849618541e+00
2.914519256800990679e-02  9.898804408008293976e+00
2.967843150390037099e-02  1.229937963813132917e+01
3.022142655178379142e-02  1.542680236855191822e+01
3.077435620898061677e-02  1.960762593087223138e+01
3.133740223858904467e-02  2.528046840324597255e+01
3.191074972923552133e-02  3.318339961864797516e+01
3.249458715591842239e-02  4.426677657464260562e+01
3.308910644196495776e-02  5.990962647164899835e+01
3.369450302212159687e-02  8.170311009092526433e+01
3.431097590679883097e-02  1.109300563059859144e+02
3.493872774749130078e-02  1.475776442404254283e+02
3.557796490339496659e-02  1.879090923396407220e+02
3.622889750924290081e-02  2.234173214502243354e+02
3.689173954438244168e-02  2.434683949858261087e+02
3.756670890311596817e-02  2.409935362767341189e+02
3.825402746632875634e-02  2.186656770409312287e+02
3.895392117442728064e-02  1.862705170794521905e+02
3.966662010161201013e-02  1.535350856620160016e+02
4.039235853150906913e-02  1.261278375588205023e+02
4.113137503418572150e-02  1.054608991161517366e+02
4.188391254457481117e-02  9.077220296414667189e+01
4.265021844233417986e-02  8.063278604709078934e+01
4.343054463316707581e-02  7.367832739250226837e+01
4.422514763163046259e-02  6.892710381307770717e+01
4.503428864545837990e-02  6.563719769070979737e+01
4.585823366142807028e-02  6.332354049792384387e+01
4.669725353279707836e-02  6.165597709758090872e+01
4.755162406834013283e-02  6.043276418067600986e+01
4.842162612301506575e-02  5.954615706688478127e+01
4.930754569028748119e-02  5.885687234762612263e+01
5.020967399614464921e-02  5.834452535274807161e+01
5.112830759482941273e-02  5.795118687055286699e+01
5.206374846632573494e-02  5.764812873627157330e+01
5.301630411562775064e-02  5.740358830928821732e+01
5.398628767382501747e-02  5.719871803830596235e+01
5.497401800103735026e-02  5.704968088143998983e+01
5.597981979123284324e-02  5.692342019574972056e+01
5.700402367896360151e-02  5.677474643778209185e+01
5.804696634805440320e-02  5.667776299856947020e+01
5.910899064227986832e-02  5.655450760030887380e+01
6.019044567806662582e-02  5.644400905928078060e+01
6.129168695925735905e-02  5.630256564938085972e+01
6.241307649397462992e-02  5.620826263422608093e+01
6.355498291362296492e-02  5.610265970361207621e+01
6.471778159406796349e-02  5.596342155343487690e+01
6.590185477903263978e-02  5.580710125009135680e+01
6.710759170575142374e-02  5.562191960849619932e+01
6.833538873292305249e-02  5.543588656662430481e+01
6.958564947100447096e-02  5.524576133778570153e+01
7.085878491488875608e-02  5.498930120203961280e+01
7.215521357901018284e-02  5.474729316249946720e+01
7.347536163492154881e-02  5.447193815258875560e+01
7.481966305138833262e-02  5.420778400736171676e+01
7.618855973704607987e-02  5.389386201068866455e+01
7.758250168566790950e-02  5.354364699563065244e+01
7.900194712408968589e-02  5.319987551076576437e+01
8.044736266284180370e-02  5.282120218919469323e+01
8.191922344953683766e-02  5.244525114568523350e+01
8.341801332506336430e-02  5.204424989002136215e+01
8.494422498263798360e-02  5.159816778111325419e+01
8.649836012976681865e-02  5.115808288985986962e+01
8.808092965317060319e-02  5.070764218586997174e+01
8.969245378672711932e-02  5.022588845400048996e+01
9.133346228248623300e-02  4.971989811681775251e+01
9.300449458481389875e-02  4.920821570367258602e+01
9.470610000772237969e-02  4.868864720604041452e+01
9.643883791544459461e-02  4.816810257693373387e+01
9.820327790631257214e-02  4.762196607286510641e+01
1.000000000000000056e-01  4.707128637819550931e+01
