1.000000000000000021e-02  -9.659955976530909538e+00
1.018295948281905047e-02  -9.315948164214107763e+00
1.036926638287343980e-02  -8.984192150373280228e+00
1.055898194433578866e-02  -8.664250505910581879e+00
1.075216853189892192e-02  -8.355675313700229978e+00
1.094888965127687255e-02  -8.058114230293202951e+00
1.114920997008091857e-02  -7.771151721593836825e+00
1.135319533907761490e-02  -7.494334352257571830e+00
1.156091281383574490e-02  -7.227425441396246875e+00
1.177243067676929378e-02  -6.970021586964984195e+00
1.198781845958377633e-02  -6.721763266327880793e+00
1.220714696613318766e-02  -6.482348194773657646e+00
1.243048829569517316e-02  -6.251460584309104895e+00
1.265791586667203671e-02  -6.028795978138639100e+00
1.288950444072537067e-02  -5.813997777385427668e+00
1.312533014735226509e-02  -5.606815390303661495e+00
1.336547050891115015e-02  -5.406866076015717226e+00
1.361000446610551376e-02  -5.213896470707143571e+00
1.385901240393387461e-02  -5.027735072818082962e+00
1.411257617811452827e-02  -4.848005976693746888e+00
1.437077914199375549e-02  -4.674471104366804575e+00
1.463370617394635018e-02  -4.506683509470409632e+00
1.490144370527746696e-02  -4.344544381820980128e+00
1.517407974863494054e-02  -4.187527643270971822e+00
1.545170392694146522e-02  -4.035611039522515320e+00
1.573440750285609244e-02  -3.888835669120866090e+00
1.602228340877476578e-02  -3.746608504227071368e+00
1.631542627737973122e-02  -3.607652114974384094e+00
1.661393247274790472e-02  -3.472426243613485841e+00
1.691790012202836271e-02  -3.340705516859779234e+00
1.722742914769942457e-02  -3.210943487899097892e+00
1.754262130041591566e-02  -3.084021954926452924e+00
1.786358019245736645e-02  -2.957432032645061160e+00
1.819041133178822892e-02  -2.832636123846954845e+00
1.852322215674120573e-02  -2.706800127923713717e+00
1.886212207133517588e-02  -2.578367311272390605e+00
1.920722248123930137e-02  -2.448962779572897652e+00
1.955863683039509721e-02  -2.315194584279428369e+00
1.991648063830856949e-02  -2.175086762939939522e+00
2.028087153802462031e-02  -2.027656439275294709e+00
2.065192931479627875e-02  -1.870788188478178959e+00
2.102977594546134518e-02  -1.700927862392766610e+00
2.141453563853955994e-02  -1.516216671000109928e+00
2.180633487506328586e-02  -1.308958305637554442e+00
2.220530245015534324e-02  -1.077780231646890075e+00
2.261156951536743773e-02  -8.176191771073632042e-01
2.302526962179330186e-02  -5.215049759893998216e-01
2.344653876397054942e-02  -1.815764167671614082e-01
2.387551542458583170e-02  2.137469295966533123e-01
2.431234061999787421e-02  6.770675932709606659e-01
2.475715794659341662e-02  1.212404949684080746e+00
2.521011362799124161e-02  1.851230149681883930e+00
2.567135656310991221e-02  2.603260566584612246e+00
2.614103837511491321e-02  3.507879231775013373e+00
2.661931346126130901e-02  4.584287264382804317e+00
2.710633904364835936e-02  5.877860761407410983e+00
2.760227522090272917e-02  7.446100343408597944e+00
2.810728502080726832e-02  9.363497550297616101e+00
2.862153445389272258e-02  1.174108621046801559e+01
2.914519256800990679e-02  1.470482762748792638e+01
2.967843150390037099e-02  1.850193368767522273e+01
3.022142655178379142e-02  2.345310681541100806e+01
3.077435620898061677e-02  3.023691704268865621e+01
3.133740223858904467e-02  3.999376172522555350e+01
3.191074972923552133e-02  5.516851942195534519e+01
3.249458715591842239e-02  8.087880123275517974e+01
3.308910644196495776e-02  1.274118444640851493e+02
3.369450302212159687e-02  2.126624437814905946e+02
3.431097590679883097e-02  3.550387323565286692e+02
3.493872774749130078e-02  5.408006327381857545e+02
3.557796490339496659e-02  6.758342428925219565e+02
3.622889750924290081e-02  6.259199126852226982e+02
3.689173954438244168e-02  4.469532109968608893e+02
3.756670890311596817e-02  2.932005899258771251e+02
3.825402746632875634e-02  2.041869763545875003e+02
3.895392117442728064e-02  1.587440557082276484e+02
3.966662010161201013e-02  1.357896480822680587e+02
4.039235853150906913e-02  1.235777311262185805e+02
4.113137503418572150e-02  1.166860644520159127e+02
4.188391254457481117e-02  1.124311876988474381e+02
4.265021844233417986e-02  1.095652813575064215e+02
4.343054463316707581e-02  1.076365684634539548e+02
4.422514763163046259e-02  1.062096718537885920e+02
4.503428864545837990e-02  1.050948975546792212e+02
4.585823366142807028e-02  1.042637302624465150e+02
4.669725353279707836e-02  1.035715086776475573e+02
4.755162406834013283e-02  1.030522571957013298e+02
4.842162612301506575e-02  1.026371106966805087e+02
4.930754569028748119e-02  1.023294495870895275e+02
5.020967399614464921e-02  1.020870363091542146e+02
5.112830759482941273e-02  1.019014021853008245e+02
5.206374846632573494e-02  1.017450315582326681e+02
5.301630411562775064e-02  1.016000383840560914e+02
5.398628767382501747e-02  1.014711747670084208e+02
5.497401800103735026e-02  1.013996874270001456e+02
5.597981979123284324e-02  1.012808305672685236e+02
5.700402367896360151e-02  1.011165290274631872e+02
5.804696634805440320e-02  1.009923344966070715e+02
5.910899064227986832e-02  1.008640915115175432e+02
6.019044567806662582e-02  1.007434110411558237e+02
6.129168695925735905e-02  1.005992430796804200e+02
6.241307649397462992e-02  1.004240770377835617e+02
6.355498291362296492e-02  1.002262492610829128e+02
6.471778159406796349e-02  9.998015976396308702e+01
6.590185477903263978e-02  9.972831004436717706e+01
6.710759170575142374e-02  9.936044905692845930e+01
6.833538873292305249e-02  9.901917345028418538e+01
6.958564947100447096e-02  9.858998774877723292e+01
7.085878491488875608e-02  9.818096326242624627e+01
7.215521357901018284e-02  9.772947611563270698e+01
7.347536163492154881e-02  9.725693332643341193e+01
7.481966305138833262e-02  9.674618972795904881e+01
7.618855973704607987e-02  9.619970181390469577e+01
7.758250168566790950e-02  9.563880991673048015e+01
7.900194712408968589e-02  9.501979124628989837e+01
8.044736266284180370e-02  9.432918787668747029e+01
8.191922344953683766e-02  9.366665990718148294e+01
8.341801332506336430e-02  9.293396113740736553e+01
8.494422498263798360e-02  9.215967705989459091e+01
8.649836012976681865e-02  9.135207585143633935e+01
8.808092965317060319e-02  9.053279798511331933e+01
8.969245378672711932e-02  8.967157561469149130e+01
9.133346228248623300e-02  8.873252326697189574e+01
9.300449458481389875e-02  8.783849695938990010e+01
9.470610000772237969e-02  8.690528034921408107e+01
9.643883791544459461e-02  8.601568954720369220e+01
9.820327790631257214e-02  8.506274519246872501e+01
1.000000000000000056e-01  8.408370267134159803e+01
