0.0200000000 0.5032937042
0.0201737603 0.5781111428
0.0203490302 0.6699859668
0.0205258229 0.9645815125
0.0207041515 1.1191051763
0.0208840295 0.9470459161
0.0210654702 1.0169257468
0.0212484873 1.4342383180
0.0214330945 1.3608983009
0.0216193055 1.3088427941
0.0218071343 1.5430013883
0.0219965950 1.9613047038
0.0221877017 1.8731045097
0.0223804688 2.0424635798
0.0225749106 2.1571474272
0.0227710418 2.8001534953
0.0229688769 2.6260958594
0.0231684308 2.7556052483
0.0233697185 3.4872738769
0.0235727549 3.8053084053
0.0237775553 3.8539776945
0.0239841351 4.1799563259
0.0241925096 4.8869484716
0.0244026944 4.6659802191
0.0246147054 5.8639990337
0.0248285583 6.2206050912
0.0250442692 6.9449090070
0.0252618541 7.6787915434
0.0254813295 7.9972967411
0.0257027116 8.7442224830
0.0259260171 9.1504300517
0.0261512627 10.5106831075
0.0263784653 11.6659014368
0.0266076418 12.3345747626
0.0268388093 13.1110703849
0.0270719853 14.3633340480
0.0273071871 17.0043592666
0.0275444323 18.3018358099
0.0277837387 20.2828290147
0.0280251242 22.7459965593
0.0282686069 23.6854415131
0.0285142050 26.8471713942
0.0287619368 29.2603666280
0.0290118209 31.8063883126
0.0292638760 34.7965397703
0.0295181210 37.8216954783
0.0297745748 42.3150201893
0.0300332567 46.0776868854
0.0302941861 52.5040210811
0.0305573824 57.4203059599
0.0308228654 64.2387550780
0.0310906549 72.2489927344
0.0313607709 79.0957414108
0.0316332337 89.1588354134
0.0319080637 102.2316059657
0.0321852814 118.5309847960
0.0324649076 134.6737795478
0.0327469632 155.3149740165
0.0330314692 195.7857072906
0.0333184471 279.0734247224
0.0336079182 383.6353206576
0.0338999043 634.5495320591
0.0341944272 1241.2972053796
0.0344915088 2170.5095014222
0.0347911715 2916.0226048105
0.0353983300 2229.9301216256
0.0357058712 1319.4981370289
0.0360160843 737.7393838059
0.0363289926 501.6178934421
0.0366446194 388.7883704499
0.0369629883 316.0999284963
0.0372841233 292.1463728911
0.0376080483 285.5740556219
0.0379347875 275.7793792571
0.0379347875 275.7793792571
0.0382643655 270.3486451159
0.0385968068 260.6427329938
0.0389321364 260.3135968741
0.0392703794 253.3653559840
0.0396115610 258.8633545340
0.0399557068 248.5460180637
0.0403028425 248.6365720545
0.0406529942 253.4649004136
0.0410061880 244.5869550713
0.0413624503 245.6796546036
0.0417218079 248.1254197845
0.0420842875 251.4522739444
0.0424499164 238.0593536607
0.0428187219 237.8257032698
0.0431907315 236.6409284430
0.0435659732 240.1579614889
0.0439444750 237.9999137191
0.0443262652 233.3193368994
0.0447113725 230.7196640742
0.0450998255 238.3099225553
0.0454916534 238.5387013564
0.0458868855 231.4758250685
0.0462855514 232.0962531328
0.0466876810 232.0447735530
0.0470933042 231.9506801397
0.0475024515 239.9806706816
0.0479151534 232.1492986853
0.0483314410 229.9769334829
0.0487513452 233.8595844591
0.0491748976 225.6318557053
0.0496021298 230.7971314132
0.0500330738 231.3561204746
0.0504677618 230.1310891605
0.0509062265 226.8538382656
0.0513485005 229.5490159562
0.0517946170 230.3285654866
0.0522446093 235.8425000952
0.0526985112 224.4609796415
0.0531563566 228.7374580328
0.0536181798 228.7041888476
0.0540840153 226.9720663646
0.0545538980 235.7144897969
0.0550278630 230.4668830490
0.0555059459 225.1438790123
0.0559881823 228.6471328849
0.0564746084 222.3606636085
0.0569652606 223.7679891546
0.0574601756 230.0488722815
0.0579593904 225.9472422425
0.0584629424 223.7749711660
0.0589708693 222.8389862936
0.0594832090 227.2920991207
0.0600000000 226.7324492439
