0.0100000000 0.0000046566
0.0101829595 0.0000044908
0.0103692664 0.0000043309
0.0105589819 0.0000041766
0.0107521685 0.0000040279
0.0109488897 0.0000038845
0.0111492100 0.0000037461
0.0113531953 0.0000036127
0.0115609128 0.0000034841
0.0117724307 0.0000033600
0.0119878185 0.0000032403
0.0122071470 0.0000031249
0.0124304883 0.0000030137
0.0126579159 0.0000029063
0.0128895044 0.0142776468
0.0131253301 0.0000027030
0.0133654705 0.0000026068
0.0136100045 0.0000025139
0.0138590124 0.0000024244
0.0141125762 0.0000023381
0.0143707791 0.0000022548
0.0146337062 0.0110769556
0.0149014437 0.0000020971
0.0151740797 0.0103020665
0.0154517039 0.0000019504
0.0157344075 0.0287460357
0.0160222834 0.0369588912
0.0163154263 0.0338164181
0.0166139325 0.0646287964
0.0169179001 0.0525964047
0.0172274291 0.0947093401
0.0175426213 0.0676119531
0.0178635802 0.1500558607
0.0181904113 0.1248284595
0.0185232222 0.1360639595
0.0188621221 0.1848341284
0.0192072225 0.2152972872
0.0195586368 0.3928014594
0.0199164806 0.3539632559
0.0202808715 0.4278087505
0.0206519293 0.5248330669
0.0210297759 0.6142401977
0.0214145356 0.8504342426
0.0218063349 0.9827869349
0.0222053025 1.1846234624
0.0226115695 1.5165713985
0.0230252696 1.7218442298
2.261156951536743773e-02  2.039159931253032454e+01
2.302526962179330186e-02  2.001545850890310874e+01
2.344653876397054942e-02  1.972748146931491675e+01
2.387551542458583170e-02  1.953708142143645432e+01
2.431234061999787421e-02  1.945811559532825186e+01
2.475715794659341662e-02  1.951067775997097442e+01
2.521011362799124161e-02  1.972298343575568325e+01
2.567135656310991221e-02  2.011627489313488226e+01
2.614103837511491321e-02  2.072735288046406055e+01
2.661931346126130901e-02  2.160591734137789288e+01
2.710633904364835936e-02  2.281164329230239929e+01
2.760227522090272917e-02  2.440907049254261096e+01
2.810728502080726832e-02  2.649686231811720916e+01
2.862153445389272258e-02  2.922050912832636982e+01
2.914519256800990679e-02  3.275425541300905508e+01
2.967843150390037099e-02  3.736701960567472725e+01
3.022142655178379142e-02  4.347220373456871556e+01
3.077435620898061677e-02  5.180644509106847551e+01
3.133740223858904467e-02  6.384438497171749560e+01
3.191074972923552133e-02  8.313506448298969076e+01
3.249458715591842239e-02  1.200558266259560725e+02
3.308910644196495776e-02  2.084532143429333360e+02
3.369450302212159687e-02  4.517049712585847487e+02
3.431097590679883097e-02  1.017054130710727918e+03
3.493872774749130078e-02  1.535574602585172443e+03
3.557796490339496659e-02  1.104627628438306147e+03
3.622889750924290081e-02  5.442838488004452984e+02
3.689173954438244168e-02  3.121862748368262146e+02
3.756670890311596817e-02  2.323250275114185399e+02
3.825402746632875634e-02  2.022952170754024905e+02
3.895392117442728064e-02  1.884707766950265864e+02
3.966662010161201013e-02  1.806652738203050603e+02
4.039235853150906913e-02  1.755879306165759317e+02
4.113137503418572150e-02  1.719720690831298100e+02
4.188391254457481117e-02  1.692206595924593557e+02
4.265021844233417986e-02  1.670625173167898367e+02
4.343054463316707581e-02  1.653657239905255949e+02
4.422514763163046259e-02  1.640791273581512257e+02
4.503428864545837990e-02  1.630389159650545139e+02
4.585823366142807028e-02  1.621676382072393494e+02
4.669725353279707836e-02  1.615262451590454873e+02
4.755162406834013283e-02  1.610427051951342889e+02
4.842162612301506575e-02  1.605880975529141494e+02
4.930754569028748119e-02  1.602643544966443017e+02
5.020967399614464921e-02  1.599421818848896635e+02
5.112830759482941273e-02  1.596575754415593451e+02
5.206374846632573494e-02  1.593535599530910360e+02
5.301630411562775064e-02  1.590748958638960175e+02
5.398628767382501747e-02  1.588194877622597971e+02
5.497401800103735026e-02  1.585679555227177957e+02
5.597981979123284324e-02  1.584128701037993494e+02
5.700402367896360151e-02  1.582212580364843575e+02
5.804696634805440320e-02  1.580204350269394524e+02
5.910899064227986832e-02  1.578048485608064482e+02
6.019044567806662582e-02  1.576311589731631670e+02
6.129168695925735905e-02  1.573643048021544644e+02
6.241307649397462992e-02  1.570913521926127316e+02
6.355498291362296492e-02  1.567295322586442410e+02
6.471778159406796349e-02  1.563575843507650234e+02
6.590185477903263978e-02  1.559068061862421359e+02
6.710759170575142374e-02  1.554487993902047265e+02
6.833538873292305249e-02  1.549221628097762675e+02
6.958564947100447096e-02  1.543035868501709160e+02
7.085878491488875608e-02  1.536647889608316575e+02
7.215521357901018284e-02  1.529592619695470717e+02
7.347536163492154881e-02  1.522259028351480481e+02
7.481966305138833262e-02  1.514186048868627097e+02
7.618855973704607987e-02  1.505612291737535031e+02
7.758250168566790950e-02  1.496794537312337070e+02
7.900194712408968589e-02  1.486997894571790937e+02
8.044736266284180370e-02  1.476670433512892089e+02
8.191922344953683766e-02  1.465933179485672042e+02
8.341801332506336430e-02  1.454610442419217122e+02
8.494422498263798360e-02  1.442554247751324112e+02
8.649836012976681865e-02  1.430192047739301984e+02
8.808092965317060319e-02  1.416912238757262230e+02
8.969245378672711932e-02  1.403603959231920726e+02
9.133346228248623300e-02  1.390271866287012301e+02
9.300449458481389875e-02  1.376147886032105987e+02
9.470610000772237969e-02  1.361662869517562342e+02
9.643883791544459461e-02  1.347155370261446024e+02
9.820327790631257214e-02  1.332121154654616646e+02
1.000000000000000056e-01  1.316877630073577166e+02
