0.0 0.2499999670551645
0.1 0.24992325409963353
0.2 0.2496845359607966
0.3 0.24926848345191308
0.4 0.24865738345521066
0.5 0.24782851076761056
0.6 0.2467496757765516
0.7 0.24537140525597448
0.8 0.24361064264073795
0.9 0.24132848458765702
1.0 0.23829859056356867
1.2 0.22847423076137055
1.3 0.2208532683263181
1.4 0.21135930417606807
1.5 0.200588179300578
1.6 0.18930028420546768
1.7 0.15505276854062458
1.8 0.1476367080389534
1.9 0.14184792767507215
2.0 0.13728974308275607
2.1 0.13364865932486317
2.2 0.13068891239597055
2.3 0.12824558674966818
2.4 0.12619612306752928
2.5 0.12445188091254722
2.6 0.12295099637408055
2.7 0.12164401677182209
2.8 0.12049509421191179
2.9 0.11947628042422619
3.0 0.11856683686919656
3.1 0.11774914269861303
3.2 0.1170097352325153
3.3 0.11633782075026519
3.4 0.11572413714551948
3.5 0.11516168032005047
3.6 0.11464407538335405
3.7 0.11416597424595984
3.8 0.11372324525610042
3.9 0.1133118651833661
4.0 0.11292880726514898
