0 0.24999999999999994
0.100000 0.249920
0.200000 0.249673
0.300000 0.249242
0.400000 0.248611
0.500000 0.247753
0.600000 0.246632
0.700000 0.245183
0.800000 0.243291
0.900000 0.240749
1.000000 0.237177
1.200000 0.224223
1.300000 0.213515
1.400000 0.200556
1.500000 0.187228
1.600000 0.175167
1.700000 0.164999
1.800000 0.156665
1.900000 0.149870
2.000000 0.144301
2.100000 0.139694
2.200000 0.135840
2.300000 0.132579
2.400000 0.129789
2.500000 0.127377
2.600000 0.125273
2.700000 0.123420
2.800000 0.121776
2.900000 0.120306
3.000000 0.118983
3.13169 0.11743028806392593
3.34047 0.11532141537770975
3.75803 0.1120363973768688
4.17559 0.10957832556518546
5.01071 0.10610537931761796
5.84582 0.10373779830890513
6.68094 0.10200197604306344
7.51606 0.10066573003218678
