0.0     0.3333333333333331
0.1111111111111111      0.33325051639257386
0.2222222222222222      0.33299508360485847
0.4     0.3322017130078728
0.5     0.3315343870625857
0.6     0.3306992559640035
0.7     0.3296898674323468
0.8     0.3285001572773443
0.8999999999999999      0.32712447738235306
1.0     0.32555762421806883
1.1     0.3237948795381687
1.2000000000000002      0.3218320785691306
1.3     0.319665723449028
1.4000000000000001      0.3172931599790663
1.5     0.3147128329360518
1.6     0.31192462831203754
1.7000000000000002      0.3089302992443368
1.8     0.30573395610498055
1.9     0.3023425814705218
2.0     0.2987665104200351
2.1     0.29501980054859844
2.2     0.2911204101231173
2.3000000000000003      0.2870901123218594
2.4     0.2829541009554811
2.5     0.2787402858618265
2.6     0.2744783260287825
2.7     0.27019849338443946
2.8     0.2659304883085492
2.9     0.2617023321387773
3.0     0.2575394424031014
3.1     0.25346396009985306
3.2     0.2494943555898841
3.3000000000000003      0.24564530073003832
3.4     0.2419277666008782
3.5     0.23834929103933555
3.6     0.23491435698812416
3.7     0.23162482812937737
3.8     0.22848039856875832
3.9     0.2254790252122545

