0.0 0.3333333490824163
0.01 0.33333244678692525
0.1 0.3332352999831726
0.2 0.3329328195093068
0.3 0.33241357388769743
0.4 0.3316674100797363
0.5 0.33068622735999054
0.6 0.3294650175348667
0.7 0.32800005322122283
0.8 0.32629237227255253
0.9 0.32434404799578437
1.0 0.32216045887188216
1.1 0.319750046838412
1.2 0.3171212760046751
1.3 0.3142850883805578
1.4 0.3112538940815306
1.5 0.30803995877692825
1.6 0.3046565669313837
1.7 0.30111707461239223
1.8 0.2974335489011229
1.9 0.2936188263322875
2.0 0.2896884720402246
2.1 0.28565424970101533
2.2 0.2815324954117197
2.3 0.2773386427168808
2.4 0.2730891632218465
2.5 0.2688048306228269
2.6 0.26450413178129184
2.7 0.2602094277345814
2.8 0.25594169096015146
2.9 0.25172342662293407
3.0 0.24757354925287692
3.1 0.24351072922015846
3.2 0.23954890300155832
3.3 0.23570249539612076
3.4 0.23198090881866407
3.5 0.22839217904881653
3.6 0.22494095723618973
3.7 0.2216303523450327
3.8 0.2184600071254462
3.9 0.21542965507968026
4.0 0.21253327479557957
