0 0.333333313482
0.0835118 0.333287078046
0.167024 0.333144960745
0.250535 0.332902796199
0.334047 0.332556180080
0.417559 0.332100555244
0.501071 0.331531801097
0.584582 0.330845332590
0.668094 0.330037489616
0.751606 0.329103576014
0.835118 0.328039703434
1.0439 0.324779748480
1.25268 0.320597549408
1.46146 0.315386620473
8.35118 0.147608878754
9.1863 0.145050172121
10.0214 0.142996053447
10.8565 0.141307506903
11.6916 0.139890835874
12.5268 0.138684653166
13.3619 0.137644101257
14.197 0.136736228092
15.0321 0.135936892680
15.8672 0.135227245721
1.67024 0.309007388589
1.87901 0.301283942934
2.29657 0.281161544444
16.7024 0.134592332201
17.5375 0.134021031292
18.3726 0.133504018161
19.2077 0.133033841870
20.0428 0.132604011932
20.8779 0.132209911073
21.7131 0.131847012127
22.5482 0.131511523174
23.3833 0.131200488300
24.2184 0.130911285596
2.50535 0.268821334708
2.71413 0.255559631485
2.92291 0.242205447360
3.13169 0.229611139687
25.0535 0.130641772540
3.34047 0.218326067059
3.75803 0.200252099424
4.17559 0.187316766871
5.01071 0.171047084438
5.84582 0.161519639066
6.68094 0.155295941418
7.51606 0.150896762841
