0 0.5000000000001118
0.0835118 0.4998870261678448
0.167024 0.4995482722056543
0.250535 0.49898408504623265
0.334047 0.49819453944880543
0.417559 0.4971787353232251
0.501071 0.49593391499360207
0.584582 0.4944544933320402
0.668094 0.49273111198535446
0.751606 0.49074984390878273
0.835118 0.48849168491587247
0.91863 0.4859
1.00214 0.4830433233116364
1.08565 0.4797917124349788
1.16916 0.47614300341886173
1.25268 0.4720622879873305
1.33619 0.4675159106218047
1.4197 0.46247184726241075
1.50321 0.45689767329739234
1.58672 0.4507543979475879
1.67024 0.44398353188345774
1.75375 0.4364901934647322
1.83726 0.42803343525113513
1.92077 0.41652577014091463
2.00428 0.4053106879484564
2.08779 0.3778208879507625
2.17131 0.27801319881000686
2.25482 0.2578489170977264
2.33833 0.10593210053211455
2.42184 0.10522306817667972
2.50535 0.10613020282370396
2.58887 0.10697364635156065
2.67238 0.10782311233014664
2.75589 0.10845466550593041
2.8394 0.10890116312726877
2.92291 0.10922199373054102
3.00642 0.10945573079776151
3.08994 0.10962941376225704
3.17345 0.10976080655490263
3.25696 0.10986171744963223
3.34047 0.10994017581787152
3.42398 0.11000177787120928
3.50749 0.11005051699558006
3.59101 0.11008930396065776
3.67452 0.11012030058903081
3.75803 0.11014513880929208
3.84154 0.11016506800322552
3.92505 0.11018105635699692
4.00857 0.11019386203783618
4.09208 0.11020408413778866
4.17559 0.11021219976449353
