0 0.333333
0.0835118 0.333287
0.167024 0.333145
0.250535 0.332903
0.334047 0.332556
0.417559 0.332101
0.501071 0.331532
0.584582 0.330845
0.668094 0.330037
0.751606 0.329104
0.835118 0.32804
0.91863 0.326841
1.00214 0.325503
1.0439 0.32478
1.08565 0.32402
1.16916 0.322387
1.25268 0.320598
1.33619 0.318644
1.4197 0.316517
1.46146 0.315387
1.50321 0.31421
1.58672 0.31171
1.67024 0.309007
1.75375 0.30609
1.83726 0.302944
1.87901 0.301284
1.92077 0.299563
2.00428 0.295926
2.08779 0.292034
2.17131 0.287877
2.25482 0.283462
2.29657 0.281162
2.33833 0.278799
2.42184 0.273909
2.50535 0.268821
2.5889  0.26358
2.6724  0.2582486
2.71413 0.25556
2.7558  0.25286
2.84    0.2475013
2.92291 0.242205
3.00    0.237
3.13169 0.229611
3.34047 0.218326
3.75803 0.200252
4.17559 0.187317
