0.0 0.25000005413799414
0.1 0.24992371724469498
0.2 0.24968571596014708
0.4 0.24866788306180093
0.5 0.247855494256419
0.6 0.24681628873940584
0.7 0.24552985273402855
0.8 0.2439724592916432
0.9 0.24211813216421338
1.0 0.23993554891587554
1.2 0.23443266168407773
1.3 0.2310136927630725
1.4 0.22706371884795357
1.5 0.22249766345367258
1.6 0.21721831149243612
1.7 0.2111323563685822
1.8 0.18039060746561197
1.9 0.17034264239114313
2.0 0.16544437086568933
2.1 0.1298473287591648
2.2 0.09928717462057977
2.3 0.09777477407014935
2.4 0.09665303886033537
2.5 0.09577484937334801
2.6 0.0951247080279192
2.7 0.09458994906579002
2.8 0.09414270697548417
2.9 0.09376749512530982
3.0 0.09344569703800572
3.1 0.09316324975983019
3.2 0.09292270799186077
3.3 0.09270612810190529
3.4 0.0925122283653626
3.5 0.09233739455207529
3.6 0.09217896837014598
3.7 0.09203466647802813
3.8 0.09190253890273517
3.9 0.09178040094574931
