0.0 0.25
0.01 0.24999922752191905
0.1 0.24992046876322727
0.2 0.24967273990384642
0.3 0.24924300211467823
0.4 0.24861773313558105
0.5 0.2477842888038278
0.6 0.24673154757266044
0.7 0.24545054338653186
0.8 0.2439349936551104
0.9 0.24218183777431318
1.0 0.24019158799200016
1.1 0.23796869963078915
1.2 0.23552187164037972
1.3 0.23286439672026668
1.4 0.23001444208391567
1.5 0.2269953087041393
1.6 0.22383535785064207
1.7 0.16207987967365042
1.8 0.1605335074537984
1.9 0.15899302716147257
2.0 0.15747433954705525
2.1 0.1559919452841436
2.2 0.15455823554806533
2.3 0.1531830571935503
2.4 0.15187351401768923
2.5 0.1506340622662874
2.6 0.1494667815657337
2.7 0.14837177441664487
2.8 0.14734760806459074
2.9 0.1463917051640051
3.0 0.14550074800922416
3.1 0.14467093582865045
3.2 0.14389825953822807
3.3 0.14317865637855648
3.4 0.1425081350765194
3.5 0.14188286410398543
3.6 0.1412992206599394
3.7 0.14075381527266853
3.8 0.14024351356930023
3.9 0.1397654233948574
4.0 0.13931689894672236
