0 0.49999972 0.49999972 0.49999972 0.49999974
0.0835118 0.49987277 0.49987277 0.49987277 0.50000020
0.167024 0.49949135 0.49949135 0.49949135 0.49999983
0.250535 0.49886081 0.49886081 0.49886081 0.50000018
0.334047 0.49798587 0.49798587 0.49798587 0.49999998
0.417559 0.49687584 0.49687584 0.49687584 0.50000001
0.501071 0.49554010 0.49554010 0.49554010 0.49999989
0.584582 0.49399089 0.49399089 0.49399089 0.49999983
0.668094 0.49224067 0.49224067 0.49224067 0.50000006
0.751606 0.49030275 0.49030275 0.49030275 0.50000008
0.835118 0.48819155 0.48819155 0.48819155 0.50000018
0.91863 0.48592011 0.48592011 0.48592011 0.50000000
1.00214 0.48350262 0.48350262 0.48350262 0.49999997
1.0439 0.48224254 0.48224254 0.48224254 0.49999992
1.08565 0.48095063 0.48095063 0.48095063 0.49999990
1.16916 0.47827603 0.47827603 0.47827603 0.49999975
1.25268 0.47548883 0.47548883 0.47548883 0.50000046
1.33619 0.47259386 0.47259386 0.47259386 0.50000068
1.4197 0.46959651 0.46959651 0.46959651 0.49999960
1.46146 0.46806107 0.46806107 0.46806107 0.49999949
1.50321 0.46649759 0.46649759 0.46649759 0.50000159
1.58672 0.46327511 0.46327511 0.46327511 0.49999809
8.35118 0.09852080 0.09852080 0.09852080 0.49999869
9.1863 0.09871821 0.09871821 0.09871821 0.49999050
10.0214 0.09887816 0.09887816 0.09887816 0.50000208
10.8565 0.09901296 0.09901296 0.09901296 0.49999661
11.6916 0.09913069 0.09913069 0.09913069 0.49999224
12.5268 0.09922414 0.09922414 0.09922414 0.49999775
13.3619 0.09930666 0.09930666 0.09930666 0.50000077
14.197 0.09937675 0.09937675 0.09937675 0.50000317
15.0321 0.09943719 0.09943719 0.09943719 0.49998276
15.8672 0.09948782 0.09948782 0.09948782 0.50000557
1.67024 0.45990946 0.45990946 0.45990946 0.50000038
1.75375 0.45630158 0.45630158 0.45630158 0.50000382
1.83726 0.45211731 0.45211731 0.45211731 0.50000996
1.87901 0.44939608 0.44939608 0.44939608 0.50029521
2.00428 0.12194605 0.12194605 0.12194605 0.50018113
2.08779 0.12365210 0.12365210 0.12365210 0.50004311
2.17131 0.12480691 0.12480691 0.12480691 0.49989970
2.25482 0.12577689 0.12577689 0.12577689 0.49994668
2.29657 0.12609146 0.12609146 0.12609146 0.49959160
2.33833 0.12642521 0.12642521 0.12642521 0.49991369
2.42184 0.12668250 0.12668250 0.12668250 0.49990108
16.7024 0.09953364 0.09953364 0.09953364 0.50001514
17.5375 0.09957355 0.09957355 0.09957355 0.50001122
18.3726 0.09960639 0.09960639 0.09960639 0.49998810
19.2077 0.09963749 0.09963749 0.09963749 0.49999059
20.0428 0.09966455 0.09966455 0.09966455 0.49999193
20.8779 0.09969005 0.09969005 0.09969005 0.49999397
21.7131 0.09970989 0.09970989 0.09970989 0.49998807
22.5482 0.09973275 0.09973275 0.09973275 0.49999215
23.3833 0.09974874 0.09974874 0.09974874 0.49999432
24.2184 0.09976623 0.09976623 0.09976623 0.50001264
2.50535 0.12691198 0.12691198 0.12691198 0.49982917
2.58887 0.12703253 0.12703253 0.12703253 0.49991721
2.67238 0.12707351 0.12707351 0.12707351 0.50015160
2.71413 0.12700057 0.12700057 0.12700057 0.49983097
2.75589 0.12696535 0.12696535 0.12696535 0.50014346
2.8394 0.12689515 0.12689515 0.12689515 0.50011714
2.92291 0.12684878 0.12684878 0.12684878 0.49989278
3.00642 0.12678840 0.12678840 0.12678840 0.49993260
3.08994 0.12673614 0.12673614 0.12673614 0.49998718
3.13169 0.12660810 0.12660810 0.12660810 0.49986195
3.17345 0.12654248 0.12654248 0.12654248 0.50023071
3.25696 0.12649543 0.12649543 0.12649543 0.50000521
25.0535 0.09978183 0.09978183 0.09978183 0.49999718
3.34047 0.12638415 0.12638415 0.12638415 0.50010733
3.42398 0.12626894 0.12626894 0.12626894 0.49998392
3.50749 0.12629493 0.12629493 0.12629493 0.50013200
3.59101 0.12614801 0.12614801 0.12614801 0.49997847
3.67452 0.12610697 0.12610697 0.12610697 0.50015537
3.75803 0.12600300 0.12600300 0.12600300 0.50000469
3.84154 0.12594617 0.12594617 0.12594617 0.50002338
3.92505 0.12590035 0.12590035 0.12590035 0.50016969
4.00857 0.12592275 0.12592275 0.12592275 0.50001564
4.09208 0.12588881 0.12588881 0.12588881 0.50025449
4.17559 0.12579037 0.12579037 0.12579037 0.49999594
