0.000000 0.500000
0.100000 0.499831
0.200000 0.499028
0.300000 0.498488
0.400000 0.497315
0.500000 0.495810
0.600000 0.493976
0.700000 0.491816
0.800000 0.489335
0.900000 0.486537
1.000000 0.483430
1.100000 0.480023
1.200000 0.476326
1.300000 0.472353
1.400000 0.468123
1.500000 0.463653
1.600000 0.458966
1.700000 0.454087
1.800000 0.449040
1.900000 0.443849
2.000000 0.438530
2.100000 0.107992
2.200000 0.107776
2.300000 0.107639
2.400000 0.107548
2.500000 0.107488
2.600000 0.111615
2.700000 0.111067
2.800000 0.110564
2.900000 0.110103
3.000000 0.109682
