0.000000000000000000e+00 4.309195459772988812e+01
1.000000000000000056e-01 4.305235261763088062e+01
2.000000000000000111e-01 4.298799939997000052e+01
2.999999999999999889e-01 4.289889494474724074e+01
4.000000000000000222e-01 4.278503925196260127e+01
5.000000000000000000e-01 4.264643232161608211e+01
5.999999999999999778e-01 4.248802440122006630e+01
6.999999999999999556e-01 4.230486524326216369e+01
8.000000000000000444e-01 4.210190509525476443e+01
9.000000000000000222e-01 4.187419370968548549e+01
1.000000000000000000e+00 4.163163158157907873e+01
1.100000000000000089e+00 4.136926846342317532e+01
1.199999999999999956e+00 4.108710435521776105e+01
1.300000000000000044e+00 4.079503975198760202e+01
1.399999999999999911e+00 4.048317415870793923e+01
1.500000000000000000e+00 4.016140807040352456e+01
1.600000000000000089e+00 3.982479123956198208e+01
1.699999999999999956e+00 3.948322416120806366e+01
1.800000000000000044e+00 3.913670683534176931e+01
1.899999999999999911e+00 3.878028901445072307e+01
2.000000000000000000e+00 3.842882144107205278e+01
2.100000000000000089e+00 3.807735386769338959e+01
2.200000000000000178e+00 3.773578678933947117e+01
2.299999999999999822e+00 3.740412020601030463e+01
2.399999999999999911e+00 3.708730436521826590e+01
2.500000000000000000e+00 3.680514025701285163e+01
2.600000000000000089e+00 3.655762788139406894e+01
2.700000000000000178e+00 3.636951847592379750e+01
2.799999999999999822e+00 3.626061303065153396e+01
2.899999999999999911e+00 3.628536426821341365e+01
3.000000000000000000e+00 3.652792639631982041e+01

