0.000000000000000000e+00 2.735180870392555974e+01
8.351177730192720083e-02 2.726871033059147109e+01
1.670235546038544017e-01 2.716899228259057608e+01
2.505353319057815886e-01 2.703603488525603993e+01
3.340471092077088033e-01 2.687814797592128002e+01
4.175588865096359625e-01 2.669533155458629281e+01
5.010706638115631772e-01 2.647927578391767156e+01
5.845824411134903364e-01 2.623829050124883011e+01
6.680942184154176067e-01 2.596406586924635107e+01
7.516059957173447659e-01 2.519956083457277529e+01
8.351177730192719251e-01 2.534082806924071818e+01
9.186295503211991953e-01 2.498350506390416115e+01
1.002141327623126354e+00 2.461787222123418672e+01
1.085653104925053514e+00 2.425223937856421585e+01
1.169164882226980673e+00 2.391984588522787547e+01
1.252676659528907832e+00 2.365393109055881382e+01
1.336188436830835213e+00 2.347942450655723334e+01
1.419700214132762373e+00 2.344618515722359930e+01
1.503211991434689532e+00 2.357914255455813546e+01
1.586723768736616469e+00 2.389491637322765172e+01
1.670235546038543850e+00 2.440181645056556903e+01
1.753747323340471009e+00 2.510815262390527991e+01
1.837259100642398391e+00 2.602223473058021241e+01
1.920770877944325328e+00 2.713575293325694204e+01
2.004282655246252709e+00 2.844870723193546880e+01
2.087794432548180090e+00 2.992785827728217640e+01
2.171306209850107027e+00 3.155658639463022297e+01
2.254817987152034409e+00 3.326841288531236529e+01
2.338329764453961346e+00 3.500516888799472071e+01
2.421841541755888283e+00 3.670868554134344919e+01
2.505353319057815664e+00 3.835403333335831633e+01
2.588865096359743045e+00 3.993290242670591539e+01
2.672376873661670427e+00 4.144529282138625348e+01
2.755888650963597364e+00 4.290782419206613696e+01
2.839400428265524745e+00 4.432049653874557293e+01
2.922912205567452126e+00 4.569992953609136777e+01
3.006423982869379063e+00 4.704612318410353566e+01
3.089935760171306001e+00 4.836738732011547626e+01
3.173447537473232938e+00 4.967203178146058917e+01
3.256959314775160319e+00 5.096005656813890283e+01
3.340471092077087700e+00 5.223977151748378844e+01
