0.000000 33.493349
0.015116 33.493349
0.030231 33.512532
0.045347 33.512532
0.060463 33.512532
0.075578 33.512532
0.090694 33.512532
0.105809 33.512532
0.120925 33.531715
0.136041 33.531715
0.151156 33.531715
0.166272 33.550898
0.181388 33.550898
0.196503 33.570081
0.211619 33.570081
0.226734 33.589264
0.241850 33.589264
0.256966 33.608446
0.272081 33.627630
0.287197 33.627630
0.302313 33.646812
0.317428 33.665995
0.332544 33.685179
0.347660 33.704361
0.362775 33.723544
0.377891 33.742727
0.393006 33.761910
0.408122 33.781093
0.423238 33.800275
0.438353 33.819459
0.453469 33.857824
0.468585 33.877008
0.483700 33.896190
0.498816 33.934556
0.513931 33.953739
0.529047 33.992104
0.544163 34.030471
0.559278 34.049653
0.574394 34.088019
0.589510 34.126385
0.604625 34.164751
0.755782 34.651299
0.906938 35.348859
1.058094 36.342882
1.209251 37.720564
1.360407 39.516781
1.511563 41.748973
1.662719 44.295068
1.813876 46.998113
1.965032 49.666280
2.116188 52.212375
2.267345 54.549201
2.418501 56.729077
2.569657 58.717123
2.720814 60.583096
2.871970 62.326997
3.023126 63.983702
3.174283 65.570652
3.325439 67.105283
3.476595 68.622477
3.627752 70.122231
3.778908 71.621985
3.930064 73.139179
4.081221 74.656372
4.232377 76.225882
