0.000000000000000000e+00 2.742537126856342411e+01
1.000000000000000056e-01 2.747037351867593458e+01
2.000000000000000111e-01 2.751537576878843794e+01
2.999999999999999889e-01 2.758737936896845255e+01
4.000000000000000222e-01 2.769538476923846204e+01
5.000000000000000000e-01 2.784839241962097489e+01
5.999999999999999778e-01 2.805540277013850670e+01
6.999999999999999556e-01 2.833441672083603891e+01
8.000000000000000444e-01 2.871243562178108988e+01
9.000000000000000222e-01 2.920746037301865172e+01
1.000000000000000000e+00 2.985549277463873352e+01
1.100000000000000089e+00 3.071053552677634002e+01
1.199999999999999956e+00 3.179958997949897892e+01
1.300000000000000044e+00 3.327566378318915952e+01
1.399999999999999911e+00 3.507575378768937924e+01
1.500000000000000000e+00 3.723586179308965427e+01
1.600000000000000089e+00 3.965698284914245164e+01
1.699999999999999956e+00 4.222211110555527114e+01
1.800000000000000044e+00 4.462523126156307285e+01
1.899999999999999911e+00 4.695634781739086350e+01
2.000000000000000000e+00 4.917045852292613972e+01
2.100000000000000089e+00 5.119555977798889757e+01
2.200000000000000178e+00 5.313965698284913941e+01
2.299999999999999822e+00 5.497574878743937887e+01
2.399999999999999911e+00 5.674883744187209089e+01
2.500000000000000000e+00 5.844992249612480606e+01
2.600000000000000089e+00 6.010600530026501787e+01
2.700000000000000178e+00 6.172608630431520993e+01
2.799999999999999822e+00 6.331016550827541067e+01
2.899999999999999911e+00 6.486724336216809661e+01
3.000000000000000000e+00 6.640632031601579399e+01
