0.000000 35.976976
0.083512 35.980317
0.167024 35.988669
0.250535 36.002031
0.334047 36.023745
0.417559 36.053811
0.501071 36.097238
0.584582 36.154029
0.668094 36.230862
0.751606 36.331081
0.835118 36.459694
0.918630 36.626724
1.002141 36.835512
1.085653 37.094409
1.169165 37.411766
1.252677 37.790925
1.336188 38.233555
1.419700 38.737986
1.503212 39.297537
1.586724 39.897176
1.670236 40.520199
1.753747 41.143222
1.837259 41.739520
1.920771 42.284038
2.004283 42.753393
2.087794 43.129211
2.171306 43.396460
2.254818 43.555138
2.338330 43.613599
2.421842 43.603577
2.505353 43.570171
2.588865 43.571841
2.672377 43.668719
2.755889 43.904232
2.839400 44.291741
2.922912 44.826238
3.006424 45.492689
3.089936 46.267709
3.173448 47.127915
3.256959 48.059944
3.340471 49.047092
